3.058364678240555801e+00
3.048070989664361186e+00
2.891913737198340772e+00
3.108826933934586201e+00
3.108826933934586201e+00
3.297988362615966729e+00
3.242113293467143720e+00
2.810823683785437677e+00
2.985415153010588796e+00
3.282075542536472934e+00
2.907383691358115474e+00
2.493301563751674887e+00
3.372260052029639077e+00
2.931543585375961936e+00
2.665760395215709178e+00
3.084272158725272828e+00
2.931337613158952582e+00
2.898891126789688855e+00
2.999725421111446799e+00
3.026406536263468006e+00
3.025455700481130439e+00
2.679112522276461572e+00
3.250164960871126052e+00
2.482086482709483288e+00
2.845391157432588081e+00
2.956422719880480887e+00
2.773838696640555046e+00
2.717774386099813810e+00
3.559779333477820717e+00
3.201796262799502912e+00
2.712158918778002192e+00
2.972726235776784964e+00
3.205142563939450184e+00
2.954202652907242044e+00
3.369026688230360556e+00
2.668203029373042767e+00
3.194095388031871430e+00
3.206169523965646917e+00
3.042815886642463052e+00
3.042815886642463052e+00
3.048922570686165567e+00
2.522582270697069973e+00
2.964185198875898486e+00
2.891189497941226261e+00
2.990120735684033360e+00
3.004457673902617643e+00
2.946829259449752048e+00
3.029696918952442974e+00
2.888652883777164782e+00
2.953170766533301350e+00
2.833513767675381434e+00
3.154475721703094759e+00
3.669460212335921234e+00
3.642643511493785624e+00
2.760901279179210466e+00
2.553193622202825086e+00
3.029537478738415501e+00
2.934068307999333491e+00
2.943254280412562540e+00
3.072063895779277409e+00
3.289881015557187371e+00
2.889719328444194435e+00
3.072511123695815805e+00
2.530640977014339210e+00
2.742023322656427009e+00
2.885863844828379765e+00
2.990144645201496143e+00
3.177960088029947894e+00
2.887997299683440655e+00
3.086252126126967088e+00
2.777240632352380612e+00
2.902710468257413634e+00
2.893514482658928966e+00
3.019915131507086237e+00
3.060581879932068539e+00
3.373088674843989665e+00
2.899090396760655164e+00
2.883849101789080827e+00
2.883849101789080827e+00
2.953547932072985382e+00
2.786877468772800626e+00
3.693868069953694988e+00
3.125549664228112423e+00
2.830932197220309643e+00
3.408193556091854148e+00
3.429397347153529729e+00
3.229472931133738900e+00
3.204636461910683742e+00
3.019740193049628374e+00
3.160226662356782512e+00
2.954102104929219763e+00
3.296411786323931725e+00
2.764360284290876546e+00
3.656508533534885252e+00
3.568526811960721634e+00
2.855791826644004328e+00
3.192783534082057173e+00
2.556778212581344079e+00
3.342409066669362883e+00
2.985984749488420409e+00
3.252325369716791759e+00
3.216097403030361512e+00
2.958844985625796564e+00
3.509633406253961141e+00
3.146200997895818752e+00
2.944684071344314535e+00
3.157773001236365396e+00
3.157773001236365396e+00
3.185046522626994836e+00
2.871035443099636986e+00
3.751014537316112563e+00
3.153798966880009047e+00
2.992059056138412387e+00
3.296817691762344626e+00
2.980552458209567046e+00
2.984579234106114143e+00
2.990286320140465026e+00
3.008517376443757829e+00
2.939245292678680954e+00
3.041493443331071855e+00
2.945761059162621986e+00
2.965236958707072379e+00
2.867591722097884599e+00
2.931783560534168664e+00
2.994613914715574587e+00
2.853642162691348183e+00
2.847117366192924326e+00
2.947148147362460335e+00
3.126868659355696689e+00
2.838286612644739026e+00
2.694663348990547824e+00
2.702713621079435136e+00
2.934599955962910123e+00
3.173379599104484861e+00
2.930372817996288237e+00
2.945148915928321731e+00
3.124813073289764986e+00
3.127637101663268027e+00
3.223336345475322329e+00
3.084710226066098571e+00
2.952669893820083491e+00
2.960981607385912096e+00
3.007995883528451042e+00
3.601860176651920487e+00
2.464985738397273085e+00
3.202650368486862575e+00
2.998355943613860930e+00
3.101170416375034655e+00
2.833855602568329246e+00
3.421045125861664982e+00
3.275543773031905914e+00
2.487910720926147068e+00
2.282193114909684795e+00
3.863725830332386924e+00
3.043434034993130588e+00
2.819504072571977105e+00
3.511296287416557416e+00
3.511296287416557416e+00
3.369208913563818353e+00
3.276545183585402032e+00
2.711041725479217845e+00
2.711041725479217845e+00
3.113089275205893625e+00
3.300901655813317070e+00
2.985834138975683949e+00
3.307740766845522096e+00
2.865412987909747411e+00
3.121328693756233452e+00
3.121492512810769338e+00
2.957779339883551017e+00
3.402470854613612428e+00
2.796190224076042785e+00
2.294157754445356190e+00
3.029828113476068285e+00
3.040852150149095934e+00
3.280554448372705600e+00
2.875095594458008108e+00
3.331336011732927815e+00
2.982344645898917346e+00
2.844570342586562717e+00
2.908993034497279861e+00
3.288225814013388426e+00
2.638476003176446927e+00
2.798899265009411774e+00
3.419566079710144813e+00
2.703920764890793471e+00
2.790791806371493156e+00
2.702797339874823290e+00
3.436109434387029093e+00
3.219012257015213319e+00
2.479440446098554407e+00
2.974088609003727957e+00
2.974088609003727957e+00
2.903378416914024207e+00
2.798353946164993555e+00
3.196286621932270755e+00
2.716395566776143244e+00
3.192693935615186884e+00
3.192606940585318576e+00
2.654609401912095379e+00
2.660059790035286031e+00
2.927959626539625493e+00
2.862344800153831859e+00
2.722967734779275339e+00
2.910353710916510739e+00
2.458581505118327293e+00
2.520228766012428512e+00
2.910419966471238240e+00
2.567007556045773242e+00
2.469506438068227894e+00
2.570614818857536399e+00
2.399059879041898213e+00
3.240228700413390950e+00
2.807077162104216761e+00
2.780257476835111152e+00
2.803760396551572054e+00
2.908796488461904861e+00
2.503580774779089690e+00
2.612252372291330449e+00
3.285903165563985873e+00
2.345024070403559868e+00
3.225241936362495565e+00
3.100964042936393383e+00
3.106024155018879629e+00
2.477433733552413919e+00
2.837500133230651755e+00
2.747370623873667927e+00
2.949217429301510762e+00
2.788102241715015417e+00
2.402781951144952188e+00
3.173767812926830079e+00
2.879331046096107016e+00
2.753654673219346982e+00
2.595463986978105986e+00
2.523194030356933570e+00
2.441178322860857897e+00
2.781635083261218444e+00
2.759924008335299384e+00
2.928796885218385437e+00
2.697398636315638143e+00
2.843372111076737596e+00
3.199083254955049416e+00
3.082163631465715703e+00
2.567968432068135520e+00
3.057249114999376349e+00
2.855129340283274697e+00
3.116946241003928808e+00
2.701331981650479275e+00
3.006157983925048960e+00
2.338640366252425107e+00
2.738896812471743214e+00
3.160697582100578273e+00
2.696085690819284064e+00
3.036803351268079432e+00
2.813071828696597887e+00
3.219445010325860057e+00
2.895341723430207459e+00
3.186967453741326395e+00
2.647843181425522108e+00
3.137228984704618640e+00
2.929919552636643054e+00
3.114506047397975319e+00
3.078962339340013621e+00
2.883261681697362189e+00
2.959678569147643046e+00
3.354925751125056088e+00
2.815533562586734373e+00
2.804725869801593774e+00
2.753567315572285512e+00
2.776696683633838703e+00
3.198542600562313876e+00
2.884426810683160536e+00
3.150344958754859093e+00
2.909682998450006330e+00
3.480038236013716979e+00
2.738582739286455681e+00
3.081436717872283015e+00
3.216122793905118904e+00
3.190873628836303766e+00
2.989667165662590165e+00
3.046235387104498926e+00
3.055991546642529588e+00
3.870773487811530078e+00
3.666350601827676581e+00
3.442250977764229170e+00
3.129085109332487846e+00
3.378318850065739731e+00
3.017919427769407026e+00
2.981915015502261568e+00
3.080943588943596101e+00
3.378303766159968191e+00
2.686022610864889248e+00
3.477503141996248104e+00
2.667411993806005466e+00
2.658780733602051249e+00
2.520101867822550190e+00
2.619055236672486853e+00
2.429347132007417809e+00
2.873915208148481781e+00
3.567834393440621366e+00
3.153473871495786174e+00
2.903433219846944802e+00
2.906331111017993685e+00
2.794999130310288571e+00
3.237168889289675722e+00
3.237168889289675722e+00
3.085949795702487286e+00
3.007013394436146569e+00
3.008964630178658783e+00
3.008964630178658783e+00
2.782823464827135052e+00
3.010478055338406733e+00
3.023126557543758253e+00
3.006732364698844417e+00
3.271015981279752793e+00
3.160714187409710885e+00
3.243246296816766794e+00
2.972637890879395339e+00
2.873539657345071330e+00
2.622470623080992880e+00
2.786910685930967357e+00
2.908199088632218654e+00
3.201069438387254440e+00
3.182079881734613203e+00
3.462831160207124004e+00
3.148259885261343705e+00
3.227604741947923905e+00
2.750625905529913595e+00
3.003837408144265364e+00
3.146830403090112416e+00
3.108544570560582532e+00
2.670837386747173969e+00
3.008528567679452426e+00
3.120791116851500568e+00
2.837045446670003024e+00
2.713026560252425945e+00
3.003941322247244194e+00
3.034467680669596934e+00
2.818707329824587937e+00
3.205622057159459359e+00
2.726264342962287479e+00
3.428274625272455634e+00
3.205812448265917158e+00
3.122065367437675043e+00
2.725811576437764838e+00
3.191031960004902857e+00
2.619602175739818239e+00
2.449028768709461623e+00
3.668497430807562409e+00
3.367893730740956215e+00
3.488420056546337467e+00
2.528555340835449083e+00
2.695480394358385379e+00
3.286958964283526186e+00
2.940760467068017636e+00
2.924430126784756556e+00
2.726797318842182349e+00
2.734590299624747978e+00
3.096368374141206470e+00
3.021418330274999953e+00
3.005315834922846818e+00
2.969630570559133265e+00
3.208127917429304699e+00
2.648064338284024988e+00
3.848320175500592022e+00
2.327773980775976970e+00
2.412768104078026443e+00
3.728177395910241110e+00
3.347554054729397599e+00
3.421483564159761848e+00
2.878520040137835689e+00
2.464755296105287652e+00
2.751092614847834739e+00
3.200117695589839162e+00
2.670499451713555850e+00
2.760076100255441922e+00
3.148098833885612624e+00
3.247711264268788867e+00
3.134255198331665770e+00
3.082760994146414912e+00
3.032322426267834103e+00
2.907356282257013369e+00
3.192627355805089273e+00
3.056410498701247036e+00
2.969108789659701930e+00
3.304952884080819775e+00
2.846639632718743762e+00
3.006029793471635791e+00
3.436949022423121836e+00
2.822402900830434103e+00
3.594157135905994060e+00
2.892721707261118880e+00
2.982892828120909723e+00
2.804774770951182550e+00
3.315739491178203657e+00
2.851408443650719438e+00
3.415232065853156751e+00
3.074659903266898642e+00
3.048557145246513223e+00
2.957761540422704449e+00
