2.478873483547371581e+00
2.478873483547371581e+00
2.914252972563903032e+00
2.697565414422827157e+00
2.471173045416578340e+00
2.730950786554551257e+00
2.557545774572246966e+00
2.829068724288597014e+00
2.270163102256360865e+00
2.392446417709695794e+00
2.187899749022283125e+00
2.532927658888983746e+00
2.534161651257429870e+00
2.343480822665033880e+00
2.125343437116737455e+00
2.524672312446314848e+00
2.184455655765273896e+00
2.228344763056069322e+00
2.044872535066886599e+00
2.049408629654013936e+00
2.433692605991581104e+00
2.537618032495554399e+00
2.265974401505406188e+00
2.680037816287767605e+00
2.096591710576086953e+00
2.546399744071873528e+00
2.546399744071873528e+00
2.028606683682837364e+00
2.068845477974262437e+00
2.218481551486415349e+00
2.290959266484883461e+00
2.178282767242576856e+00
2.168102308478988771e+00
2.219585941407349328e+00
2.735781111318389858e+00
3.018724420592491242e+00
1.886444430819399942e+00
1.931553333026266639e+00
2.284523776342167967e+00
2.355089445838840501e+00
2.115826913661585262e+00
2.531597487789501333e+00
2.061922661245665367e+00
2.061922661245665367e+00
2.551604810838897119e+00
2.091387499036186703e+00
2.358382420066585272e+00
2.109450552474316787e+00
2.482584305916192502e+00
2.283533540571247578e+00
2.092065465833072846e+00
2.004416648111478683e+00
2.153657270579145244e+00
2.457043237032951133e+00
2.041251535357404112e+00
2.195363482540454658e+00
2.225694463349247698e+00
2.265902105573384784e+00
2.266341257743708315e+00
2.297448228250685176e+00
2.076919451524072535e+00
2.432983428324616781e+00
1.906172922399303360e+00
1.900045112728481644e+00
2.660909792616997560e+00
2.552200041259723218e+00
2.289526997601405878e+00
2.204636873638924577e+00
2.161541723818144245e+00
2.221194550250317423e+00
2.376884291504753222e+00
2.057745828603056104e+00
2.055940985798831555e+00
2.124669914572482110e+00
2.558666084050169154e+00
2.430313496267680673e+00
2.352521242991945538e+00
2.178780520683617716e+00
2.151460296796400495e+00
2.151460296796400495e+00
2.342428356212274743e+00
2.165528384067685330e+00
2.170884941151169478e+00
2.344542189103683505e+00
2.219836743806681945e+00
2.356234621138812990e+00
1.903405499525548716e+00
2.152953364698097172e+00
1.928411911359995123e+00
2.159249971867033491e+00
2.322663963460831038e+00
2.065048134840612004e+00
1.957830059042506177e+00
2.451393351165217727e+00
2.451393351165217727e+00
2.144995266327947459e+00
2.197973034682407345e+00
2.437018242246554056e+00
2.112758194930060895e+00
1.972298204750742912e+00
2.601700956872989856e+00
2.129980675420496183e+00
2.149609393354200204e+00
2.123833979776919900e+00
2.498858650266960080e+00
2.350902868031879311e+00
2.177092257490654603e+00
2.307693565588404105e+00
2.425547114929382797e+00
2.053813263249844923e+00
2.510418088990602925e+00
2.131936999381890185e+00
2.142178549217800043e+00
2.242008957785058154e+00
2.242008957785058154e+00
2.334153122868400043e+00
2.300346891227701640e+00
2.379854742144681179e+00
2.186527213336198372e+00
2.456866171264550314e+00
2.704547493615341303e+00
2.704547493615341303e+00
2.024929950468951301e+00
2.323472725020250262e+00
2.156011414390944125e+00
2.066389810225780721e+00
1.920582272558104764e+00
2.554873702146296388e+00
2.641026397997682462e+00
1.882679088012571222e+00
2.434732102154844480e+00
2.113941465556924637e+00
2.318030177348801679e+00
2.111502925388812457e+00
2.328699575084897777e+00
2.158210634130226513e+00
2.158210634130226513e+00
2.120844271236836942e+00
2.105981826950674929e+00
2.133885328959987504e+00
2.276013698991449896e+00
2.247640637267090735e+00
2.207241546013771316e+00
2.512499368910948050e+00
2.218105920747986293e+00
2.187406647857042419e+00
2.407088902064045577e+00
2.370845309167617820e+00
1.928475783029745427e+00
2.310184761092352712e+00
2.043270976998059929e+00
1.930612957058157164e+00
1.885696830508284405e+00
2.140074413558157751e+00
2.237766651621742930e+00
2.170190278458036470e+00
2.294083613359656493e+00
2.187256549906174019e+00
2.063210398498011244e+00
2.377461108526977007e+00
2.432289829640042367e+00
2.401649104431937687e+00
2.121822766691867646e+00
2.270451602044781581e+00
2.224045811044625953e+00
2.108786972046911234e+00
1.986494485091097051e+00
2.092222708359301464e+00
1.931719883271096005e+00
2.476206943714172048e+00
1.895926636834123657e+00
2.170802284930249293e+00
2.436618013662799509e+00
2.089665280148954363e+00
2.552816027578617586e+00
1.884854167550550574e+00
1.880077439998350197e+00
2.299314150142264701e+00
1.901291223500756411e+00
2.545749723466883996e+00
1.993356782202261313e+00
2.013607036352292212e+00
2.528634580533017484e+00
2.217680910399441263e+00
2.467849321180027644e+00
2.085007399796528382e+00
1.954111254117816276e+00
2.192548515472881210e+00
2.278128527444440277e+00
2.447839398653679499e+00
2.519945728975818255e+00
1.959595148952210764e+00
2.364417597826179662e+00
2.229113403910564450e+00
2.213551534262086840e+00
2.384675871330101504e+00
2.258755106763205678e+00
2.427457174328415679e+00
2.293953036249997801e+00
2.326600680661871312e+00
2.295904818580157603e+00
2.098741250862562691e+00
2.307451149986911698e+00
2.307451149986911698e+00
2.282496439374479991e+00
1.997824043763528401e+00
2.647038034815736296e+00
2.168430923022371282e+00
2.407246682415590922e+00
2.407246682415590922e+00
2.271996619766141645e+00
2.080787546586969849e+00
2.013292709804426206e+00
2.362636009885882071e+00
2.090486306784708148e+00
2.049154292967378055e+00
2.146290146501961704e+00
2.228557486288720302e+00
2.221696025459859669e+00
2.149339553238655665e+00
2.070783566240361306e+00
2.059137968905314420e+00
2.296235824129118974e+00
1.836486282092734346e+00
2.489160849775115647e+00
2.314411249336912224e+00
2.660819477405854450e+00
2.162747916797160386e+00
2.247826792660100548e+00
2.079806590906780439e+00
2.645494849151143857e+00
2.149765956964890812e+00
2.149765956964890812e+00
2.020711449092910783e+00
2.020711449092910783e+00
2.254904003879304231e+00
2.379139251806803301e+00
2.105208123738052439e+00
2.075728973326399274e+00
2.199521079293931702e+00
2.225175226412898333e+00
2.162673340920225673e+00
2.154497881452019481e+00
2.154497881452019481e+00
2.574683687152439671e+00
2.417853464379409179e+00
2.096229758017012834e+00
2.078932699239304238e+00
2.125540978224521815e+00
2.029033330143564573e+00
2.116262268954043790e+00
2.019317382273158490e+00
2.373242543327557907e+00
1.902032120539765891e+00
2.320317033226728221e+00
1.978485231386731158e+00
2.084099717563944409e+00
2.063079485629221832e+00
2.313545324819044069e+00
2.141792864002122876e+00
2.125218084148441378e+00
2.344860077931842923e+00
1.864698406975675127e+00
2.228011049077486483e+00
2.054622523132954015e+00
2.227000068557068779e+00
1.977486104144064782e+00
2.412231101942620359e+00
2.245153357320045728e+00
2.007198000109495784e+00
1.978398131065697285e+00
2.080088129502848382e+00
2.276618754336913408e+00
2.054984132383130380e+00
2.076377090472822040e+00
2.042294161746145420e+00
2.226202871476549827e+00
2.172822768645704006e+00
2.430850606736004060e+00
2.176509768329399019e+00
2.188865980599318917e+00
2.394233827696979233e+00
2.255711037867205171e+00
2.123965140143401875e+00
2.305698502781067027e+00
2.264597845884979144e+00
2.178269236387324170e+00
2.332547237446005006e+00
2.302696167346253375e+00
2.302696167346253375e+00
2.277563864769713842e+00
2.004036913640703244e+00
2.064263587675967404e+00
2.064263587675967404e+00
2.110487217218802947e+00
2.200414541110133460e+00
2.157712654895673321e+00
2.380619463217813259e+00
2.114719975497254989e+00
2.220924404386550144e+00
2.207780336000850774e+00
2.176817608060154452e+00
2.295664906137040884e+00
2.237603600350335231e+00
2.198734854407754735e+00
2.198734854407754735e+00
1.974193300931942341e+00
2.683750740879073504e+00
1.955101217658133717e+00
2.647983821021521855e+00
1.851502188645325342e+00
2.073575768455294011e+00
2.382532742830286043e+00
2.333868065136173620e+00
2.120048965936677465e+00
1.972056513358477758e+00
2.459952680113185686e+00
2.699194777833884729e+00
2.009845908716001883e+00
1.979215498677170393e+00
2.219789301988688734e+00
2.180668964436256907e+00
2.038368184962806140e+00
1.980978858846757840e+00
2.111024075655539178e+00
2.504793157258770719e+00
2.161583922195021046e+00
2.023689391320945052e+00
2.480734977897940396e+00
2.404231718529865613e+00
2.493605968685379537e+00
2.441536453579666421e+00
2.330016298029940369e+00
2.151741061932253452e+00
2.171099566233853029e+00
2.256716685773385134e+00
2.510602043843561226e+00
2.183708686482078054e+00
2.316025357846952737e+00
2.121237684693972891e+00
2.230550837249594132e+00
2.351297308168653011e+00
2.280993642576373492e+00
2.396176633614087947e+00
2.040700663337834175e+00
2.078439437628908593e+00
2.108785380342743654e+00
2.287975477350614018e+00
2.145764107246372454e+00
2.194381361132477615e+00
2.136154718997114177e+00
2.292937311333727912e+00
2.203421168946834374e+00
2.159294876076284453e+00
2.159294876076284453e+00
2.439046401448320633e+00
2.009457397640944443e+00
2.606512210040023980e+00
1.988913726551358563e+00
2.162620070357717861e+00
2.255634376798571150e+00
2.395244828536267079e+00
2.448078946241269094e+00
2.476378152495947393e+00
2.102429059829714841e+00
2.457975758201274008e+00
2.391755175423802005e+00
2.507744416824761569e+00
1.945332505730048123e+00
2.052366847219341484e+00
2.495349389974935050e+00
2.415195390894976590e+00
2.030887243547454091e+00
2.078270426404194460e+00
2.161272803200540160e+00
1.956740030204995096e+00
2.494738582000675553e+00
2.434380909278607952e+00
2.295213121043530258e+00
2.265700621758754973e+00
2.143040927048698308e+00
2.239779460008754164e+00
1.933197462756753415e+00
1.922946672043637450e+00
2.427184473957619826e+00
1.799908090650665038e+00
1.994138740110834584e+00
2.257350908890495944e+00
2.068528028155380394e+00
2.319738458653871849e+00
2.294339154976679396e+00
2.008737546923244022e+00
1.897308351798898896e+00
2.143432609665277155e+00
1.937128340705738694e+00
1.995291625124493651e+00
1.958576995910036311e+00
1.935023326129092780e+00
1.985368355601878410e+00
1.793367890811091714e+00
