1.894000000000000000e+03
1.894000000000000000e+03
1.893000000000000000e+03
1.893000000000000000e+03
1.892000000000000000e+03
1.892000000000000000e+03
1.890000000000000000e+03
1.890000000000000000e+03
1.891000000000000000e+03
1.891000000000000000e+03
1.891000000000000000e+03
1.890000000000000000e+03
1.890000000000000000e+03
1.892000000000000000e+03
1.891000000000000000e+03
1.891000000000000000e+03
1.891000000000000000e+03
1.891000000000000000e+03
1.890000000000000000e+03
1.889000000000000000e+03
1.890000000000000000e+03
1.890000000000000000e+03
1.891000000000000000e+03
1.891000000000000000e+03
1.891000000000000000e+03
1.891000000000000000e+03
1.891000000000000000e+03
1.891000000000000000e+03
1.892000000000000000e+03
1.892000000000000000e+03
1.891000000000000000e+03
1.892000000000000000e+03
1.890000000000000000e+03
1.891000000000000000e+03
1.891000000000000000e+03
1.891000000000000000e+03
1.891000000000000000e+03
1.891000000000000000e+03
1.891000000000000000e+03
1.891000000000000000e+03
1.891000000000000000e+03
1.890000000000000000e+03
1.890000000000000000e+03
1.890000000000000000e+03
1.890000000000000000e+03
1.889000000000000000e+03
1.889000000000000000e+03
1.889000000000000000e+03
1.889000000000000000e+03
1.890000000000000000e+03
1.889000000000000000e+03
1.889000000000000000e+03
1.889000000000000000e+03
1.889000000000000000e+03
1.891000000000000000e+03
1.892000000000000000e+03
1.892000000000000000e+03
1.891000000000000000e+03
1.892000000000000000e+03
1.890000000000000000e+03
1.890000000000000000e+03
1.890000000000000000e+03
1.889000000000000000e+03
1.890000000000000000e+03
1.890000000000000000e+03
1.891000000000000000e+03
1.892000000000000000e+03
1.891000000000000000e+03
1.891000000000000000e+03
1.891000000000000000e+03
1.891000000000000000e+03
1.891000000000000000e+03
1.892000000000000000e+03
1.892000000000000000e+03
1.892000000000000000e+03
1.892000000000000000e+03
1.892000000000000000e+03
1.892000000000000000e+03
1.893000000000000000e+03
1.892000000000000000e+03
1.892000000000000000e+03
1.892000000000000000e+03
1.892000000000000000e+03
1.892000000000000000e+03
1.892000000000000000e+03
1.892000000000000000e+03
1.894000000000000000e+03
1.894000000000000000e+03
1.894000000000000000e+03
1.894000000000000000e+03
1.894000000000000000e+03
1.893000000000000000e+03
1.892000000000000000e+03
1.892000000000000000e+03
1.891000000000000000e+03
1.892000000000000000e+03
1.893000000000000000e+03
1.892000000000000000e+03
1.892000000000000000e+03
1.893000000000000000e+03
1.892000000000000000e+03
1.893000000000000000e+03
1.892000000000000000e+03
1.892000000000000000e+03
1.891000000000000000e+03
1.891000000000000000e+03
1.893000000000000000e+03
1.893000000000000000e+03
1.893000000000000000e+03
1.894000000000000000e+03
1.893000000000000000e+03
1.895000000000000000e+03
1.894000000000000000e+03
1.893000000000000000e+03
1.893000000000000000e+03
1.895000000000000000e+03
1.896000000000000000e+03
1.896000000000000000e+03
1.897000000000000000e+03
1.897000000000000000e+03
1.897000000000000000e+03
1.897000000000000000e+03
1.897000000000000000e+03
1.896000000000000000e+03
1.896000000000000000e+03
1.895000000000000000e+03
1.893000000000000000e+03
1.895000000000000000e+03
1.895000000000000000e+03
1.895000000000000000e+03
1.894000000000000000e+03
1.895000000000000000e+03
1.895000000000000000e+03
1.895000000000000000e+03
1.896000000000000000e+03
1.896000000000000000e+03
1.896000000000000000e+03
1.896000000000000000e+03
1.896000000000000000e+03
1.896000000000000000e+03
1.896000000000000000e+03
1.896000000000000000e+03
1.896000000000000000e+03
1.896000000000000000e+03
1.896000000000000000e+03
1.896000000000000000e+03
1.896000000000000000e+03
1.896000000000000000e+03
1.896000000000000000e+03
1.897000000000000000e+03
1.897000000000000000e+03
1.897000000000000000e+03
1.896000000000000000e+03
1.897000000000000000e+03
1.897000000000000000e+03
1.897000000000000000e+03
1.897000000000000000e+03
1.895000000000000000e+03
1.896000000000000000e+03
1.896000000000000000e+03
1.896000000000000000e+03
1.895000000000000000e+03
1.894000000000000000e+03
1.894000000000000000e+03
1.894000000000000000e+03
1.895000000000000000e+03
1.896000000000000000e+03
1.896000000000000000e+03
1.897000000000000000e+03
1.897000000000000000e+03
1.896000000000000000e+03
1.895000000000000000e+03
1.895000000000000000e+03
1.895000000000000000e+03
1.894000000000000000e+03
1.892000000000000000e+03
1.892000000000000000e+03
1.891000000000000000e+03
1.891000000000000000e+03
1.891000000000000000e+03
1.891000000000000000e+03
1.891000000000000000e+03
1.891000000000000000e+03
1.891000000000000000e+03
1.891000000000000000e+03
1.891000000000000000e+03
1.891000000000000000e+03
1.890000000000000000e+03
1.890000000000000000e+03
1.890000000000000000e+03
1.891000000000000000e+03
1.891000000000000000e+03
1.891000000000000000e+03
1.890000000000000000e+03
1.892000000000000000e+03
1.893000000000000000e+03
1.891000000000000000e+03
1.890000000000000000e+03
1.891000000000000000e+03
1.891000000000000000e+03
1.895000000000000000e+03
1.896000000000000000e+03
1.896000000000000000e+03
1.896000000000000000e+03
1.897000000000000000e+03
1.897000000000000000e+03
1.897000000000000000e+03
1.897000000000000000e+03
1.897000000000000000e+03
1.896000000000000000e+03
1.896000000000000000e+03
1.896000000000000000e+03
1.896000000000000000e+03
1.897000000000000000e+03
1.896000000000000000e+03
1.896000000000000000e+03
1.896000000000000000e+03
1.896000000000000000e+03
1.896000000000000000e+03
1.896000000000000000e+03
1.896000000000000000e+03
1.896000000000000000e+03
1.896000000000000000e+03
1.896000000000000000e+03
1.896000000000000000e+03
1.896000000000000000e+03
1.896000000000000000e+03
1.896000000000000000e+03
1.895000000000000000e+03
1.895000000000000000e+03
1.894000000000000000e+03
1.894000000000000000e+03
1.895000000000000000e+03
1.895000000000000000e+03
1.895000000000000000e+03
1.897000000000000000e+03
1.897000000000000000e+03
1.896000000000000000e+03
1.896000000000000000e+03
1.896000000000000000e+03
1.896000000000000000e+03
1.896000000000000000e+03
1.896000000000000000e+03
1.896000000000000000e+03
1.896000000000000000e+03
1.896000000000000000e+03
1.898000000000000000e+03
1.898000000000000000e+03
1.899000000000000000e+03
1.898000000000000000e+03
1.899000000000000000e+03
1.899000000000000000e+03
1.901000000000000000e+03
1.900000000000000000e+03
1.901000000000000000e+03
1.901000000000000000e+03
1.901000000000000000e+03
1.901000000000000000e+03
1.901000000000000000e+03
1.901000000000000000e+03
1.899000000000000000e+03
1.899000000000000000e+03
1.898000000000000000e+03
1.896000000000000000e+03
1.896000000000000000e+03
1.896000000000000000e+03
1.897000000000000000e+03
1.897000000000000000e+03
1.897000000000000000e+03
1.897000000000000000e+03
1.897000000000000000e+03
1.896000000000000000e+03
1.896000000000000000e+03
1.896000000000000000e+03
1.896000000000000000e+03
1.896000000000000000e+03
1.897000000000000000e+03
1.897000000000000000e+03
1.896000000000000000e+03
1.896000000000000000e+03
1.896000000000000000e+03
1.896000000000000000e+03
1.896000000000000000e+03
1.896000000000000000e+03
1.896000000000000000e+03
1.896000000000000000e+03
1.896000000000000000e+03
1.896000000000000000e+03
1.896000000000000000e+03
1.896000000000000000e+03
1.896000000000000000e+03
1.896000000000000000e+03
1.896000000000000000e+03
1.896000000000000000e+03
1.896000000000000000e+03
1.896000000000000000e+03
1.896000000000000000e+03
1.896000000000000000e+03
1.896000000000000000e+03
1.897000000000000000e+03
1.892000000000000000e+03
1.891000000000000000e+03
1.891000000000000000e+03
1.890000000000000000e+03
1.891000000000000000e+03
1.892000000000000000e+03
1.891000000000000000e+03
1.892000000000000000e+03
1.892000000000000000e+03
1.891000000000000000e+03
1.893000000000000000e+03
1.893000000000000000e+03
1.893000000000000000e+03
1.891000000000000000e+03
1.891000000000000000e+03
1.890000000000000000e+03
1.891000000000000000e+03
1.892000000000000000e+03
1.892000000000000000e+03
1.893000000000000000e+03
1.893000000000000000e+03
1.893000000000000000e+03
1.893000000000000000e+03
1.894000000000000000e+03
1.894000000000000000e+03
1.894000000000000000e+03
1.895000000000000000e+03
1.895000000000000000e+03
1.892000000000000000e+03
1.892000000000000000e+03
1.892000000000000000e+03
1.893000000000000000e+03
1.894000000000000000e+03
1.894000000000000000e+03
1.896000000000000000e+03
1.896000000000000000e+03
1.896000000000000000e+03
1.896000000000000000e+03
1.896000000000000000e+03
1.896000000000000000e+03
1.896000000000000000e+03
1.896000000000000000e+03
1.896000000000000000e+03
1.896000000000000000e+03
1.896000000000000000e+03
1.896000000000000000e+03
1.896000000000000000e+03
1.896000000000000000e+03
1.896000000000000000e+03
1.896000000000000000e+03
1.896000000000000000e+03
1.896000000000000000e+03
1.896000000000000000e+03
1.897000000000000000e+03
1.897000000000000000e+03
1.897000000000000000e+03
1.896000000000000000e+03
1.896000000000000000e+03
1.896000000000000000e+03
1.896000000000000000e+03
1.896000000000000000e+03
1.896000000000000000e+03
1.896000000000000000e+03
1.896000000000000000e+03
1.897000000000000000e+03
1.897000000000000000e+03
1.897000000000000000e+03
1.897000000000000000e+03
1.896000000000000000e+03
1.896000000000000000e+03
1.896000000000000000e+03
1.896000000000000000e+03
1.896000000000000000e+03
1.896000000000000000e+03
1.896000000000000000e+03
1.896000000000000000e+03
1.895000000000000000e+03
1.895000000000000000e+03
1.895000000000000000e+03
1.895000000000000000e+03
1.895000000000000000e+03
1.896000000000000000e+03
1.896000000000000000e+03
1.896000000000000000e+03
1.897000000000000000e+03
1.897000000000000000e+03
1.899000000000000000e+03
1.899000000000000000e+03
1.899000000000000000e+03
1.899000000000000000e+03
1.899000000000000000e+03
1.899000000000000000e+03
1.899000000000000000e+03
1.899000000000000000e+03
1.899000000000000000e+03
1.899000000000000000e+03
1.899000000000000000e+03
1.899000000000000000e+03
1.899000000000000000e+03
1.897000000000000000e+03
