8.383544844755593806e-01
7.785048043329407808e-01
8.481436448766702663e-01
7.781003640317341041e-01
8.024545107080016670e-01
8.249642152352093527e-01
8.027470981972940622e-01
8.121088320643262692e-01
1.018778366520938672e+00
7.677233110758305834e-01
8.686127661383176157e-01
9.181459746571856151e-01
8.693134900300134582e-01
8.379952457258292853e-01
6.979956098721771252e-01
7.274923360357631319e-01
7.165713245351496008e-01
9.136547671936672277e-01
9.555673619136246799e-01
7.891576314282250371e-01
7.732201674183417639e-01
8.791309061360108590e-01
8.903776382021056923e-01
9.915665702086794431e-01
1.005976606767975179e+00
9.980870024825257980e-01
7.229778195621501258e-01
7.575963860556520491e-01
7.605409388451370711e-01
8.340737986339812338e-01
8.342247217030638318e-01
8.113994684192614715e-01
9.496210750170661630e-01
9.539926990747085167e-01
8.898921199494708167e-01
8.706899832333607758e-01
1.044874751915114031e+00
9.877578262865062131e-01
9.480839552056654629e-01
9.452045974390420602e-01
9.661767446948120730e-01
9.661767446948120730e-01
1.035777625936340485e+00
9.886149639972733327e-01
9.494051825274960610e-01
9.494051825274960610e-01
9.716978694770503910e-01
9.294361854602131157e-01
1.003816785649111587e+00
8.358341802335431669e-01
8.156082564676350177e-01
8.534162890812971858e-01
1.010803308822076252e+00
9.744190831537032915e-01
9.719386670439025266e-01
9.457512198624481448e-01
1.114758328287716260e+00
1.002746580324977987e+00
8.623467865138333410e-01
9.340292684556402714e-01
9.700004930949225335e-01
9.179824967225708177e-01
8.956400227249328161e-01
8.797084490076099161e-01
8.803961927514202257e-01
7.790498444949491841e-01
9.866757248297676197e-01
9.865258849214876280e-01
1.001659276870890070e+00
8.773022547482668410e-01
1.306909484517731368e+00
8.886394821415199985e-01
8.782518444927190915e-01
1.036084875269954519e+00
9.952668934448096749e-01
8.451515412827794727e-01
1.125297773905579168e+00
1.213483673923374306e+00
1.157250621600814044e+00
1.087239165627078563e+00
1.051332026961173449e+00
1.080553445997900264e+00
9.352797990148774554e-01
1.080712586476526349e+00
1.067075655300779191e+00
8.994481451692514229e-01
8.981672608854333051e-01
8.436842279499496833e-01
7.841474070857561429e-01
7.368981415493504050e-01
7.572686900634785223e-01
1.012186399395012870e+00
9.679927184685388486e-01
7.890120915007375890e-01
8.515602543949333247e-01
8.737502682855112779e-01
1.024308572918481763e+00
8.861574685355827485e-01
8.861574685355827485e-01
8.581894707884832885e-01
1.017087731857366784e+00
1.053107630048363053e+00
1.015143009079462644e+00
9.820656044648552463e-01
9.188274986217563889e-01
7.613553361733990110e-01
7.273685985809174026e-01
6.945306922440294128e-01
9.590352824685078881e-01
9.077944578618574178e-01
9.148149009714467983e-01
8.271685820489119711e-01
7.354346794319994718e-01
8.046366624758386488e-01
8.709167830042731095e-01
8.130645268907252809e-01
6.945380660997418909e-01
6.843752657401375172e-01
6.893904092160558772e-01
7.204766153732504730e-01
9.853369288195690245e-01
8.166361128195241958e-01
8.744298137048556185e-01
7.398655512892216013e-01
7.194330065929120943e-01
7.194330065929120943e-01
8.096729412257540615e-01
9.191158483756250996e-01
8.770675542183186124e-01
8.275961489703528295e-01
7.499633644030960777e-01
7.795396319354633841e-01
7.748494441651971876e-01
7.464230782278266085e-01
7.358689416728789734e-01
5.706684774675261362e-01
9.323958508081912067e-01
8.271852396480168235e-01
8.326184484244344430e-01
8.336164170599432710e-01
7.903984873554676938e-01
8.211248702263047594e-01
7.827194747444161660e-01
6.862029756725508411e-01
7.500049023808736948e-01
7.656177240319316235e-01
7.569231663094184714e-01
7.648074218847399353e-01
7.561714713600734550e-01
7.874143369051664898e-01
9.401624744429044611e-01
7.622546157535365907e-01
7.508717730894223230e-01
7.121916720629694053e-01
7.265028699361424369e-01
6.945718713407360578e-01
9.481206456484467804e-01
9.920203264250858632e-01
8.210527864832971590e-01
8.571749778359586402e-01
1.077936251963676151e+00
8.214865579272451201e-01
8.089989667739442281e-01
9.797480857327446335e-01
9.405182834693717187e-01
9.385784506902342672e-01
8.297569084158872288e-01
8.434052438825142550e-01
6.892545714485126540e-01
8.555067014101180867e-01
7.885588063276629534e-01
8.750612309898651020e-01
7.880062489729677822e-01
8.389583323941979254e-01
8.725119525678625143e-01
8.734207191489623545e-01
8.492628773931309993e-01
8.243389009808532730e-01
7.272402504351949126e-01
7.856309262768010893e-01
7.324186354430196610e-01
8.519850749926928257e-01
8.619756028073144449e-01
8.372875027900597011e-01
9.488460289735077824e-01
7.464711886698083276e-01
7.453806981516939434e-01
7.198578861714733934e-01
7.001069020681290889e-01
7.096061368668123981e-01
6.928632934762399831e-01
8.025551129012025164e-01
7.471592699277108673e-01
7.510404221271048675e-01
8.379709173808517209e-01
8.626180309422423198e-01
9.008697925216145874e-01
8.529975645611481694e-01
5.800245992376155124e-01
8.052480660581265992e-01
9.232078848912798064e-01
8.841136062076836444e-01
8.724639255189324816e-01
6.246617311387118177e-01
7.659507300479627689e-01
6.939277417051282759e-01
6.910009681519297953e-01
6.952172202251380995e-01
7.024180997433914220e-01
6.935273368751579959e-01
8.335491337332351369e-01
8.441305870447254334e-01
7.639206809743602777e-01
8.112246109762024648e-01
1.009020419225812759e+00
9.875424745413887706e-01
1.240779083443947606e+00
6.912311478255818153e-01
5.803355990856834401e-01
5.519305151005204912e-01
8.585662582441967450e-01
7.873333815820640069e-01
7.228468704044982429e-01
1.145088259190753410e+00
9.774351945361051675e-01
8.964164725239855969e-01
8.592413728074479451e-01
8.846000444105832639e-01
8.902769623555518708e-01
9.334311300921285248e-01
9.593113905258006113e-01
8.203992313782597634e-01
8.624965189278835931e-01
9.427150466230790338e-01
8.128452477180103664e-01
8.517014880958106993e-01
9.029232590746349985e-01
9.995258642232461854e-01
1.034226565407446952e+00
7.881243802531403553e-01
8.223194677085280402e-01
7.633355582621911273e-01
8.354272649688947450e-01
8.755405088970231731e-01
8.634610985967215990e-01
7.786883695963099372e-01
8.756139085694449875e-01
8.493832248643088390e-01
9.237760492589389694e-01
9.680711648014860282e-01
9.664502276786294255e-01
9.663728375011298999e-01
8.877116228498286299e-01
9.396649501734488652e-01
1.023535045449853298e+00
9.575665835319675523e-01
9.237948997922129646e-01
8.737535743173027170e-01
8.624585724060560565e-01
1.010579198589371286e+00
9.972034478714970618e-01
9.269460277026900785e-01
7.763430669762804159e-01
6.345669146936862015e-01
7.830559910113659150e-01
9.529051319625888583e-01
7.606906921169687141e-01
7.759434458417171498e-01
1.128900613562062949e+00
1.119789465600173672e+00
9.753033201446770217e-01
8.305424614538459149e-01
8.934229300797712492e-01
7.781201924116459834e-01
9.391469172792769049e-01
8.453952537164076686e-01
9.986379168954587771e-01
9.286648345293198048e-01
8.966908416806210758e-01
9.365414800197596756e-01
8.525787088008154324e-01
9.623019880827464734e-01
7.522086209121031652e-01
8.253631984980606129e-01
7.023642431356321714e-01
7.178283828745550821e-01
7.178283828745550821e-01
7.258966124779788753e-01
7.296245228271496241e-01
9.837487502877498846e-01
9.940197569325647242e-01
1.003701376671557233e+00
1.033133285295412263e+00
1.019450616332723936e+00
1.050380243599440711e+00
7.402392353218916199e-01
7.539262418980889890e-01
6.925997548004130255e-01
7.325630940418645931e-01
7.558170623204908400e-01
8.400176579300470125e-01
7.362672697686969414e-01
7.537934310078239220e-01
7.350452631355689492e-01
8.890668745033287745e-01
9.024499814298045930e-01
8.849413273915834877e-01
8.764348463757778429e-01
9.443486063946169295e-01
8.940444702071556060e-01
9.437374657676599332e-01
9.437374657676599332e-01
9.004295529355131888e-01
9.873448010569951805e-01
1.079496586468725150e+00
9.119935549483153547e-01
8.492841544678048082e-01
8.961453670622925305e-01
1.060804682540309019e+00
1.050328510310953867e+00
8.428586664353550084e-01
9.499693745030192149e-01
9.643222968911659976e-01
9.791717416899848869e-01
1.112181015358045810e+00
1.042828385994428952e+00
9.247407639578417715e-01
7.641618989525803540e-01
9.791029119519162327e-01
9.144822004692033657e-01
9.860743595341179280e-01
9.228752228485350706e-01
8.831758574094052960e-01
9.455379416890608013e-01
7.965626012232689401e-01
9.056316071228583953e-01
8.991031326522169742e-01
9.361079236903232514e-01
9.161823852447542604e-01
9.070730874146447631e-01
8.850915909431230633e-01
9.534227247909813352e-01
7.900898675253027470e-01
8.155294561988135627e-01
1.003333589813339088e+00
1.056101163650510877e+00
1.044078192641641811e+00
8.226434473536804459e-01
8.944452769238572243e-01
1.035078211386890823e+00
8.986980928559080706e-01
9.472035214129274072e-01
9.100860005738639069e-01
9.100860005738639069e-01
9.814067768250398505e-01
9.998399939986483131e-01
9.344166806824212301e-01
1.005159902915329084e+00
8.635840884463971134e-01
8.075257716033386046e-01
8.456666751378614233e-01
1.032796876605972303e+00
9.309752035568128470e-01
9.526271380530856314e-01
1.003706053856318503e+00
9.030449999455608667e-01
8.312758827007170614e-01
8.372772625686473180e-01
8.346068931325544282e-01
8.728861216415531032e-01
1.106658247349726176e+00
1.091626085206294228e+00
7.942471138137575659e-01
8.998998562704509929e-01
9.106990319978253146e-01
1.034058764385827223e+00
9.887841810191760894e-01
8.510913072154396852e-01
9.011821813534411918e-01
8.768440414706527575e-01
9.553274356974562620e-01
9.404432964752060808e-01
9.332140947276672538e-01
1.114411396201384630e+00
9.963103988801035316e-01
9.988246781587899470e-01
9.611509275700809152e-01
1.041250164159299940e+00
9.734477127516255601e-01
6.281428847444849861e-01
8.849438250478351975e-01
8.991657552445678769e-01
9.754601498545402150e-01
9.257605286677617062e-01
1.206664804681495839e+00
1.213691692498291230e+00
1.108367324210306037e+00
1.033250205972351843e+00
1.135995708584904396e+00
8.958666652406519493e-01
