2.428345264483072530e+00
2.530178127020065393e+00
2.426742831349489204e+00
2.500786867909373878e+00
2.779992857567738174e+00
2.694670322370892546e+00
2.319925048517660127e+00
2.429526324946391203e+00
2.717486995260820049e+00
2.488660048298592109e+00
2.651755815338593614e+00
2.582032930471412691e+00
2.726668962830216092e+00
2.421826996561601053e+00
2.426041248094076952e+00
2.360182276307194016e+00
2.613424290678438400e+00
2.817011171634988820e+00
2.927482417344109411e+00
3.160324443384571413e+00
3.295991452593047377e+00
2.410846568638489007e+00
2.324125406727515220e+00
3.276133189066684270e+00
3.622982101075014505e+00
2.024244401234517099e+00
3.508137235523146380e+00
3.447310804883127577e+00
3.218423872345681058e+00
2.709108636061246855e+00
2.441992798219018823e+00
2.729614154900588119e+00
2.967700119490749078e+00
2.690037842709626759e+00
2.996063839776542448e+00
3.058607591908287127e+00
2.690652669204215641e+00
2.750376168711481384e+00
3.159108760981658381e+00
3.100810945223511084e+00
2.634538384565297875e+00
2.634538384565297875e+00
2.371511275468837887e+00
2.987995672186275264e+00
3.158498627345827092e+00
3.158498627345827092e+00
2.602394575514224595e+00
3.088215383849389095e+00
2.668103213395348838e+00
2.816439387994718047e+00
2.987264781714455086e+00
2.578328198712335428e+00
2.570458813631143702e+00
2.685248482894828204e+00
2.625942166255168075e+00
2.527576735461430246e+00
2.589753446142768478e+00
2.787792130924063638e+00
2.806948511740659402e+00
3.225363553360516722e+00
3.283189381311817368e+00
3.348301428404175883e+00
3.413932436838424955e+00
3.145309557146615642e+00
2.975290529255384619e+00
3.236196677810124989e+00
2.697429459031801535e+00
2.811090759852604481e+00
3.277854380794854805e+00
2.612708813690645115e+00
3.235558892270175235e+00
3.288581477635690309e+00
2.843401701867509068e+00
2.940420018301118432e+00
2.941672419481594414e+00
3.016687957646754459e+00
3.521611072190486080e+00
2.933243411691913050e+00
2.929961824624712108e+00
2.992699381283878246e+00
3.053751698367737077e+00
3.254190166149828922e+00
2.782560424363517804e+00
3.028956551208297210e+00
2.943645007791406254e+00
3.175756444090159114e+00
2.882355148381067433e+00
3.277240298789156903e+00
2.776238148268380446e+00
2.703351813474996312e+00
2.832680295051758890e+00
3.101418572351567260e+00
3.873870644486473669e+00
2.789403159375512864e+00
3.265705665959222070e+00
3.020100823977508675e+00
3.131531710577707628e+00
2.998557374976527079e+00
2.998557374976527079e+00
3.088038104539521989e+00
2.336142301897982332e+00
1.920532134561460103e+00
1.930518348344909985e+00
2.057167307164640579e+00
2.516046737979792169e+00
2.532651661557792089e+00
2.217613546963776106e+00
2.192629286800969801e+00
2.345082549195666832e+00
2.414177842346324709e+00
2.170430448577762128e+00
2.216960338523222607e+00
2.286222530769537187e+00
2.219768762268009787e+00
2.446063871131706868e+00
2.055698588542063554e+00
2.285370281945643622e+00
2.295128585976135671e+00
2.278843266609626106e+00
2.511719252728775942e+00
2.165508192454239200e+00
2.226908089775281319e+00
2.003279530161308664e+00
2.254208871605400510e+00
2.455167458990104024e+00
2.455167458990104024e+00
2.725480756808760230e+00
2.227964391711668490e+00
2.319901046054563487e+00
2.283288951855886317e+00
2.103506960736623466e+00
2.374913983622494396e+00
2.006710898997768666e+00
2.556920529691830257e+00
2.165157808481913193e+00
2.679688395771301135e+00
2.381822262287482950e+00
2.451562172457841804e+00
2.489859045839017515e+00
2.462264063731214314e+00
2.602524101381248123e+00
2.241355676575136791e+00
2.301389715732728991e+00
2.530116910564303545e+00
2.256613966458765219e+00
2.582347665121963676e+00
2.705053994398198824e+00
2.624538638658167500e+00
2.174614747176982110e+00
2.554868343369684602e+00
2.335496503968004234e+00
2.561174909290529822e+00
2.590974844067062577e+00
2.423815672051505832e+00
2.264162854276143388e+00
2.465977370405817215e+00
2.384203331927690961e+00
2.447843735643141283e+00
2.448703579671080544e+00
2.549088647880493497e+00
2.625016377585047245e+00
2.601354071639538468e+00
2.251774199035497581e+00
2.406532867654357588e+00
2.187347243000430819e+00
2.272342075446252441e+00
2.074697105098442851e+00
2.428358227231275812e+00
2.665087614517939851e+00
2.420700509545489432e+00
2.325113752604782036e+00
2.308683711686579709e+00
2.811228664097995544e+00
2.307597548283690347e+00
2.296034955277356904e+00
2.401907130641291577e+00
2.440924121621543375e+00
2.193070848081066337e+00
2.352966540170640997e+00
2.321995350165124261e+00
2.427101181519330630e+00
2.232152694030204998e+00
2.500366423962906204e+00
2.493107651127856705e+00
2.443638684524802596e+00
2.578462318040369183e+00
2.277001642856139707e+00
2.569379398991038954e+00
2.484859666652920573e+00
2.298286256931316274e+00
2.481174162103128467e+00
2.270432617746505510e+00
2.600088502256519885e+00
2.351881977263943213e+00
2.455055008950218554e+00
2.282238688342593136e+00
2.338203651903459246e+00
2.701187167825121804e+00
2.140774848601106228e+00
2.714994732648758458e+00
2.347215710478597117e+00
2.636816944139144692e+00
2.477144789357148102e+00
2.306409376489399587e+00
2.355622485089349460e+00
2.404423354780672373e+00
2.773630144832876621e+00
2.816312924156377129e+00
2.402412264401181385e+00
2.682706725707602935e+00
2.351795878468325718e+00
2.258748700348397254e+00
2.766745192323206926e+00
2.368860388438505549e+00
2.345889051818976778e+00
2.860399279225713354e+00
2.562503812804122205e+00
2.348762486258451965e+00
2.634179779380966036e+00
2.677905212548538305e+00
2.793154606617143543e+00
2.554945768433865450e+00
2.973005870465549094e+00
2.882911960775301097e+00
2.570468193609555030e+00
3.097850291659002941e+00
2.553074737132829064e+00
2.805069329916927146e+00
2.657561648664414022e+00
2.881059235002688013e+00
2.852000759457246737e+00
2.849484689102927959e+00
2.898065346171134760e+00
2.657468253785843171e+00
2.962028559709515729e+00
2.834216308350695268e+00
2.956510437392538826e+00
2.935262804785444324e+00
3.254525404858707116e+00
2.599829892531949849e+00
3.153519301109959372e+00
2.540839591064858016e+00
3.171393544259636599e+00
2.575956466738638984e+00
2.445164999147624751e+00
3.272356377804312544e+00
3.326406225024923557e+00
3.433131714152811931e+00
2.926711727812834951e+00
3.018937125934836541e+00
3.016707093867331047e+00
2.860182264350433545e+00
3.115974666324287323e+00
2.903789747848800396e+00
3.202107038434109043e+00
2.861188429546296152e+00
3.098213883448167838e+00
2.749373552316601632e+00
2.925916176174171213e+00
2.827885522205443092e+00
3.144422858399172682e+00
2.608551044875702996e+00
2.810061088620781966e+00
3.031393604909276451e+00
3.114963503391586563e+00
3.001355548459197387e+00
2.969347781258485863e+00
3.458458554012531216e+00
3.487194956535772494e+00
3.391641485671058831e+00
3.303855236342251978e+00
3.151641097916062062e+00
2.791934660519853395e+00
3.294346531343546935e+00
2.728201518729135078e+00
3.187675029209307453e+00
3.414069543681020669e+00
3.023229348271307959e+00
2.728885531535714115e+00
2.709972158262358821e+00
2.621088553484124173e+00
2.783098838880970760e+00
3.185099553614668899e+00
2.867368052468473927e+00
2.853726029073310855e+00
2.929977377222833912e+00
2.929977377222833912e+00
2.631827574126918812e+00
2.485119720941427524e+00
2.439723075402536523e+00
2.539397704195440753e+00
2.648082718853010942e+00
2.534570151513726444e+00
2.404927062391761794e+00
2.612879056667630984e+00
2.824514218132059273e+00
3.068178909259907439e+00
2.809668646129685143e+00
2.871325939656373727e+00
2.470992231888623269e+00
2.668244642374416831e+00
3.061175495233352972e+00
3.049321647569627647e+00
3.026006301849271107e+00
3.278210130963571611e+00
3.304849286965709787e+00
3.480760924229937547e+00
3.302546848647269773e+00
3.044934959150152665e+00
2.939201661146246369e+00
3.096879156356164842e+00
3.096879156356164842e+00
3.115930601476351924e+00
3.300603225452363620e+00
3.087510749697546686e+00
2.891950326352197731e+00
3.098407814369416702e+00
2.804246613611029559e+00
3.181824589342361342e+00
3.085947930854459731e+00
3.141535141313666735e+00
2.868949586327564472e+00
2.959817401222436750e+00
2.751383973663539706e+00
2.963092434884915694e+00
3.522212948478583350e+00
2.435073137662457476e+00
3.328362917472446725e+00
3.329907476738277694e+00
2.690095278767016040e+00
3.110282915510489854e+00
2.932503058315275801e+00
3.297919554658947039e+00
2.920078156668910907e+00
3.167728042047612824e+00
2.928867395624677350e+00
3.137658087934046325e+00
2.725439589306095645e+00
3.340507510441322214e+00
3.265076585815718690e+00
3.453246160674995124e+00
2.638867646372255571e+00
3.352819110696401150e+00
3.256355453496803332e+00
3.289095817079673356e+00
3.141554631203387515e+00
3.009150277256049222e+00
3.180146466596833754e+00
3.098127847002150492e+00
3.209620981986236909e+00
3.163227684561124242e+00
3.309572439809277178e+00
2.937067725453111677e+00
2.937067725453111677e+00
3.094934172029766284e+00
3.077190282145059630e+00
3.195281511781354666e+00
3.554154488936147160e+00
2.665158710018307620e+00
3.901604595426675370e+00
3.725770190416958005e+00
3.037323254642916748e+00
3.463002396156771745e+00
2.848584855217743517e+00
3.152938283206195624e+00
3.065629893505044556e+00
3.390970386527561331e+00
2.737501491418626642e+00
3.039787722154443372e+00
3.079563396014276311e+00
2.938266693816797837e+00
2.990853295877095697e+00
3.045418547501807183e+00
3.142655011748169969e+00
3.354410799714604430e+00
3.137193075880914783e+00
2.993687318982803713e+00
3.046617047513681786e+00
3.285374669667018743e+00
3.078204334061251934e+00
2.582606059077959149e+00
2.719983786580429275e+00
2.592416869146386915e+00
3.245782056319574949e+00
2.945396911819454289e+00
3.161714144954267169e+00
3.652461034006913909e+00
3.042684767929147771e+00
3.454864256027164071e+00
2.785666432438601792e+00
3.452326322637736311e+00
3.459206080067693367e+00
2.957999420220196019e+00
2.889671510411207400e+00
3.053534204846308331e+00
3.019995339407616441e+00
2.783685284019504991e+00
2.997982307955982417e+00
3.240236293816728619e+00
2.779410551535716589e+00
