1.891000000000000000e+03
1.891000000000000000e+03
1.891000000000000000e+03
1.890000000000000000e+03
1.889000000000000000e+03
1.889000000000000000e+03
1.889000000000000000e+03
1.889000000000000000e+03
1.890000000000000000e+03
1.891000000000000000e+03
1.893000000000000000e+03
1.893000000000000000e+03
1.893000000000000000e+03
1.892000000000000000e+03
1.892000000000000000e+03
1.891000000000000000e+03
1.892000000000000000e+03
1.892000000000000000e+03
1.892000000000000000e+03
1.892000000000000000e+03
1.892000000000000000e+03
1.892000000000000000e+03
1.893000000000000000e+03
1.893000000000000000e+03
1.893000000000000000e+03
1.894000000000000000e+03
1.894000000000000000e+03
1.893000000000000000e+03
1.893000000000000000e+03
1.892000000000000000e+03
1.892000000000000000e+03
1.893000000000000000e+03
1.893000000000000000e+03
1.893000000000000000e+03
1.892000000000000000e+03
1.892000000000000000e+03
1.892000000000000000e+03
1.891000000000000000e+03
1.892000000000000000e+03
1.891000000000000000e+03
1.891000000000000000e+03
1.891000000000000000e+03
1.891000000000000000e+03
1.891000000000000000e+03
1.891000000000000000e+03
1.891000000000000000e+03
1.891000000000000000e+03
1.891000000000000000e+03
1.892000000000000000e+03
1.891000000000000000e+03
1.890000000000000000e+03
1.889000000000000000e+03
1.889000000000000000e+03
1.890000000000000000e+03
1.890000000000000000e+03
1.890000000000000000e+03
1.890000000000000000e+03
1.890000000000000000e+03
1.890000000000000000e+03
1.890000000000000000e+03
1.890000000000000000e+03
1.890000000000000000e+03
1.890000000000000000e+03
1.890000000000000000e+03
1.891000000000000000e+03
1.892000000000000000e+03
1.891000000000000000e+03
1.891000000000000000e+03
1.891000000000000000e+03
1.891000000000000000e+03
1.890000000000000000e+03
1.890000000000000000e+03
1.890000000000000000e+03
1.889000000000000000e+03
1.889000000000000000e+03
1.890000000000000000e+03
1.890000000000000000e+03
1.889000000000000000e+03
1.889000000000000000e+03
1.889000000000000000e+03
1.888000000000000000e+03
1.888000000000000000e+03
1.888000000000000000e+03
1.886000000000000000e+03
1.886000000000000000e+03
1.886000000000000000e+03
1.886000000000000000e+03
1.886000000000000000e+03
1.887000000000000000e+03
1.886000000000000000e+03
1.886000000000000000e+03
1.886000000000000000e+03
1.889000000000000000e+03
1.890000000000000000e+03
1.891000000000000000e+03
1.891000000000000000e+03
1.889000000000000000e+03
1.888000000000000000e+03
1.890000000000000000e+03
1.890000000000000000e+03
1.887000000000000000e+03
1.886000000000000000e+03
1.886000000000000000e+03
1.886000000000000000e+03
1.887000000000000000e+03
1.886000000000000000e+03
1.887000000000000000e+03
1.887000000000000000e+03
1.886000000000000000e+03
1.886000000000000000e+03
1.886000000000000000e+03
1.886000000000000000e+03
1.887000000000000000e+03
1.888000000000000000e+03
1.890000000000000000e+03
1.890000000000000000e+03
1.890000000000000000e+03
1.890000000000000000e+03
1.890000000000000000e+03
1.891000000000000000e+03
1.890000000000000000e+03
1.890000000000000000e+03
1.890000000000000000e+03
1.890000000000000000e+03
1.890000000000000000e+03
1.890000000000000000e+03
1.889000000000000000e+03
1.889000000000000000e+03
1.889000000000000000e+03
1.887000000000000000e+03
1.888000000000000000e+03
1.887000000000000000e+03
1.887000000000000000e+03
1.887000000000000000e+03
1.888000000000000000e+03
1.887000000000000000e+03
1.887000000000000000e+03
1.887000000000000000e+03
1.889000000000000000e+03
1.890000000000000000e+03
1.890000000000000000e+03
1.889000000000000000e+03
1.890000000000000000e+03
1.890000000000000000e+03
1.890000000000000000e+03
1.891000000000000000e+03
1.891000000000000000e+03
1.891000000000000000e+03
1.893000000000000000e+03
1.892000000000000000e+03
1.892000000000000000e+03
1.891000000000000000e+03
1.891000000000000000e+03
1.891000000000000000e+03
1.891000000000000000e+03
1.892000000000000000e+03
1.892000000000000000e+03
1.892000000000000000e+03
1.892000000000000000e+03
1.892000000000000000e+03
1.892000000000000000e+03
1.892000000000000000e+03
1.893000000000000000e+03
1.893000000000000000e+03
1.893000000000000000e+03
1.893000000000000000e+03
1.892000000000000000e+03
1.891000000000000000e+03
1.891000000000000000e+03
1.891000000000000000e+03
1.889000000000000000e+03
1.891000000000000000e+03
1.891000000000000000e+03
1.890000000000000000e+03
1.889000000000000000e+03
1.889000000000000000e+03
1.889000000000000000e+03
1.889000000000000000e+03
1.888000000000000000e+03
1.889000000000000000e+03
1.891000000000000000e+03
1.890000000000000000e+03
1.890000000000000000e+03
1.889000000000000000e+03
1.889000000000000000e+03
1.889000000000000000e+03
1.889000000000000000e+03
1.889000000000000000e+03
1.889000000000000000e+03
1.890000000000000000e+03
1.890000000000000000e+03
1.890000000000000000e+03
1.890000000000000000e+03
1.892000000000000000e+03
1.892000000000000000e+03
1.892000000000000000e+03
1.892000000000000000e+03
1.892000000000000000e+03
1.891000000000000000e+03
1.892000000000000000e+03
1.896000000000000000e+03
1.896000000000000000e+03
1.896000000000000000e+03
1.896000000000000000e+03
1.896000000000000000e+03
1.896000000000000000e+03
1.896000000000000000e+03
1.894000000000000000e+03
1.894000000000000000e+03
1.894000000000000000e+03
1.894000000000000000e+03
1.894000000000000000e+03
1.894000000000000000e+03
1.895000000000000000e+03
1.896000000000000000e+03
1.896000000000000000e+03
1.896000000000000000e+03
1.896000000000000000e+03
1.896000000000000000e+03
1.896000000000000000e+03
1.896000000000000000e+03
1.896000000000000000e+03
1.896000000000000000e+03
1.896000000000000000e+03
1.896000000000000000e+03
1.896000000000000000e+03
1.896000000000000000e+03
1.896000000000000000e+03
1.896000000000000000e+03
1.896000000000000000e+03
1.896000000000000000e+03
1.896000000000000000e+03
1.896000000000000000e+03
1.896000000000000000e+03
1.896000000000000000e+03
1.896000000000000000e+03
1.895000000000000000e+03
1.896000000000000000e+03
1.896000000000000000e+03
1.896000000000000000e+03
1.896000000000000000e+03
1.896000000000000000e+03
1.896000000000000000e+03
1.896000000000000000e+03
1.896000000000000000e+03
1.896000000000000000e+03
1.896000000000000000e+03
1.896000000000000000e+03
1.896000000000000000e+03
1.895000000000000000e+03
1.894000000000000000e+03
1.893000000000000000e+03
1.893000000000000000e+03
1.894000000000000000e+03
1.892000000000000000e+03
1.892000000000000000e+03
1.891000000000000000e+03
1.892000000000000000e+03
1.892000000000000000e+03
1.892000000000000000e+03
1.890000000000000000e+03
1.890000000000000000e+03
1.889000000000000000e+03
1.888000000000000000e+03
1.886000000000000000e+03
1.886000000000000000e+03
1.888000000000000000e+03
1.888000000000000000e+03
1.887000000000000000e+03
1.887000000000000000e+03
1.888000000000000000e+03
1.888000000000000000e+03
1.888000000000000000e+03
1.887000000000000000e+03
1.887000000000000000e+03
1.886000000000000000e+03
1.886000000000000000e+03
1.886000000000000000e+03
1.886000000000000000e+03
1.886000000000000000e+03
1.887000000000000000e+03
1.887000000000000000e+03
1.887000000000000000e+03
1.886000000000000000e+03
1.885000000000000000e+03
1.885000000000000000e+03
1.885000000000000000e+03
1.887000000000000000e+03
1.889000000000000000e+03
1.890000000000000000e+03
1.891000000000000000e+03
1.891000000000000000e+03
1.889000000000000000e+03
1.889000000000000000e+03
1.889000000000000000e+03
1.889000000000000000e+03
1.889000000000000000e+03
1.887000000000000000e+03
1.887000000000000000e+03
1.887000000000000000e+03
1.890000000000000000e+03
1.890000000000000000e+03
1.891000000000000000e+03
1.891000000000000000e+03
1.891000000000000000e+03
1.891000000000000000e+03
1.891000000000000000e+03
1.892000000000000000e+03
1.892000000000000000e+03
1.892000000000000000e+03
1.892000000000000000e+03
1.893000000000000000e+03
1.892000000000000000e+03
1.891000000000000000e+03
1.891000000000000000e+03
1.890000000000000000e+03
1.890000000000000000e+03
1.890000000000000000e+03
1.890000000000000000e+03
1.891000000000000000e+03
1.889000000000000000e+03
1.889000000000000000e+03
1.890000000000000000e+03
1.889000000000000000e+03
1.889000000000000000e+03
1.889000000000000000e+03
1.890000000000000000e+03
1.890000000000000000e+03
1.890000000000000000e+03
1.889000000000000000e+03
1.889000000000000000e+03
1.889000000000000000e+03
1.890000000000000000e+03
1.890000000000000000e+03
1.891000000000000000e+03
1.891000000000000000e+03
1.891000000000000000e+03
1.891000000000000000e+03
1.892000000000000000e+03
1.891000000000000000e+03
1.891000000000000000e+03
1.890000000000000000e+03
1.890000000000000000e+03
1.889000000000000000e+03
1.889000000000000000e+03
1.889000000000000000e+03
1.890000000000000000e+03
1.890000000000000000e+03
1.890000000000000000e+03
1.889000000000000000e+03
1.890000000000000000e+03
1.891000000000000000e+03
1.891000000000000000e+03
1.891000000000000000e+03
1.890000000000000000e+03
1.891000000000000000e+03
1.891000000000000000e+03
1.891000000000000000e+03
1.891000000000000000e+03
1.891000000000000000e+03
1.891000000000000000e+03
1.891000000000000000e+03
1.891000000000000000e+03
1.891000000000000000e+03
1.890000000000000000e+03
1.891000000000000000e+03
1.891000000000000000e+03
1.891000000000000000e+03
1.890000000000000000e+03
1.890000000000000000e+03
1.891000000000000000e+03
1.891000000000000000e+03
1.892000000000000000e+03
1.891000000000000000e+03
1.890000000000000000e+03
1.890000000000000000e+03
1.890000000000000000e+03
1.891000000000000000e+03
1.891000000000000000e+03
1.889000000000000000e+03
1.889000000000000000e+03
1.890000000000000000e+03
1.890000000000000000e+03
1.890000000000000000e+03
1.890000000000000000e+03
1.890000000000000000e+03
1.890000000000000000e+03
1.890000000000000000e+03
1.889000000000000000e+03
1.890000000000000000e+03
1.889000000000000000e+03
1.887000000000000000e+03
1.889000000000000000e+03
1.889000000000000000e+03
1.890000000000000000e+03
1.889000000000000000e+03
1.889000000000000000e+03
1.890000000000000000e+03
1.890000000000000000e+03
1.890000000000000000e+03
