7.698428600758570051e-01
7.698428600758570051e-01
8.044759741719352819e-01
8.029579089098302092e-01
7.973312091631754583e-01
8.184252302704255744e-01
8.262629287204803497e-01
8.102492178034403914e-01
7.599346444828676272e-01
6.823624763992834907e-01
6.049277574257045931e-01
6.410277666310564282e-01
6.701217448711089819e-01
6.865766021134515062e-01
7.979278564021233811e-01
6.921589964918203330e-01
9.225202287163276615e-01
9.455141208596241631e-01
9.408446257408515923e-01
1.051164291730627642e+00
1.062285093182624873e+00
6.021912964463599360e-01
9.502930541445639978e-01
7.660077522023919228e-01
6.650786056021072978e-01
9.383479824552611870e-01
9.383479824552611870e-01
9.132146965855008069e-01
9.115886299275156590e-01
7.495139793105521919e-01
9.012515099277277342e-01
8.723186680156942430e-01
8.137651454086229919e-01
7.814566775781752739e-01
7.150259330372924493e-01
7.931530900170112863e-01
5.450831483322921001e-01
5.817277058196296258e-01
5.770872793058637873e-01
9.532808511074498670e-01
8.798670320110999477e-01
8.403488905373008855e-01
7.507870831712387671e-01
7.507870831712387671e-01
7.729155422984761437e-01
7.371573864902795092e-01
9.159837718076466739e-01
8.124854957717280168e-01
7.316692371274695628e-01
6.111780935052681940e-01
8.688464418147265889e-01
9.091909347447498790e-01
8.188450056651943587e-01
8.776945262164727035e-01
7.859578758030776324e-01
8.640929680597021489e-01
6.801496639435158365e-01
7.731715898053171943e-01
7.729763415298003260e-01
7.819897849992459848e-01
7.823673441422477337e-01
6.721981615084537953e-01
6.354074190799412492e-01
6.192416363322034156e-01
9.685439124579844350e-01
9.642147581787926525e-01
6.852679291006769091e-01
7.164198654449005499e-01
8.954738973005480496e-01
8.737396352848415537e-01
7.531768964677617584e-01
7.958897251485615998e-01
8.383318111543208717e-01
8.798584997244304207e-01
7.977283006272435362e-01
7.778598323859462482e-01
8.281587032243576951e-01
8.710235798069249080e-01
7.772445931756909454e-01
7.772445931756909454e-01
7.364075478115228446e-01
6.879250533526786171e-01
6.743343574941460528e-01
8.063015688476046217e-01
7.643404102090439745e-01
8.976521372846076874e-01
8.265040299257555567e-01
6.727756738964905114e-01
8.070398928680747597e-01
8.526050134740809083e-01
7.780580589293556448e-01
8.204841306968192471e-01
8.650026700882751385e-01
8.125790867570188425e-01
8.125790867570188425e-01
7.456143102079891838e-01
9.918586841241182617e-01
8.695805036783749165e-01
7.993928305109956334e-01
7.421355013022611358e-01
9.307293154369611354e-01
7.004394042818186117e-01
6.364211681793259245e-01
7.165059110761313743e-01
7.573955261227405256e-01
7.620472878671237238e-01
7.758517358495607974e-01
7.146230744169739246e-01
8.502415763384442160e-01
8.561977040820722973e-01
6.499423573142072419e-01
6.566543718160252618e-01
6.784237537718965649e-01
8.576235202043972494e-01
8.576235202043972494e-01
8.103527731454924776e-01
8.712011699063114678e-01
8.805642420387612690e-01
6.010557251929331546e-01
8.428625459113807672e-01
8.684500810414309546e-01
8.684500810414309546e-01
9.074910620597975708e-01
8.493778001024611113e-01
9.491594319745535469e-01
7.577270179933002225e-01
8.625428681382572016e-01
9.298889191453949543e-01
9.940208038522202472e-01
7.077313910783801232e-01
1.174313610337464064e+00
9.366229091190512168e-01
8.463210294234959630e-01
7.366198081817496579e-01
7.460303748442226324e-01
6.858536759551302486e-01
6.858536759551302486e-01
6.194432589382712351e-01
6.292925029433955597e-01
6.371347626215881910e-01
6.074117542767907274e-01
7.106255344184008171e-01
7.657709797249118155e-01
7.248995173496863842e-01
7.041871168254350000e-01
6.467762557401653956e-01
7.231319054463916096e-01
8.822315899775179382e-01
7.432284118403068573e-01
7.253777720507484927e-01
7.154381317415992037e-01
7.657227923379565926e-01
7.697994327620533150e-01
8.022034970653652008e-01
6.420701730679214680e-01
7.061487277801936635e-01
7.073080505410092034e-01
7.186681990606537118e-01
6.542188005211072577e-01
7.609951608030220971e-01
7.285579446753267518e-01
6.815265813784799898e-01
6.768276671309932935e-01
8.776788232441687931e-01
8.909790049691481695e-01
6.900951406920377007e-01
8.320000556383417845e-01
6.956859010173965796e-01
8.005968258213506106e-01
7.388320103581816900e-01
7.014070826641360945e-01
8.799093676279037268e-01
8.281890207384707825e-01
7.591218501645257133e-01
9.602467243185761614e-01
6.241918802019635892e-01
7.403703465171341813e-01
6.871304313847655942e-01
7.169821655927056669e-01
8.670730215728305046e-01
9.335215613503735632e-01
8.641847794794074167e-01
7.252358480545932906e-01
7.430838628109810440e-01
9.057782106475019690e-01
7.925788381244545100e-01
8.906317526882089330e-01
6.235622441585608744e-01
1.027403198108026494e+00
8.227463348746388849e-01
8.244521089446676942e-01
8.384037845430346580e-01
9.125942252065801785e-01
6.935430368844172078e-01
7.614575486844360475e-01
7.526685269896786767e-01
9.234015921251425008e-01
7.071217838643278908e-01
6.816401029289170799e-01
8.501732344298642552e-01
8.240299817645413416e-01
7.259266375763191448e-01
8.407620699958122668e-01
8.407620699958122668e-01
8.270533095764971421e-01
7.150331199790154191e-01
8.467025712125353376e-01
8.616640475240029406e-01
8.081317786555346494e-01
8.081317786555346494e-01
7.183740393531996560e-01
9.937978211677276352e-01
6.287455175680435326e-01
7.630460858314255246e-01
8.003718408134493645e-01
7.499476249621874757e-01
6.595419241514300923e-01
7.409309715918690475e-01
7.788086782423964127e-01
7.707281181019224325e-01
5.911379423281619694e-01
5.602317403050115496e-01
7.190283151697025588e-01
7.627055382514245085e-01
7.038458630164242669e-01
8.687619768475223214e-01
8.367609385310352810e-01
8.935779988402746676e-01
6.514714820662753647e-01
7.067914407283701905e-01
8.160445464363915713e-01
8.746977739388530626e-01
8.746977739388530626e-01
7.351733139355345337e-01
7.351733139355345337e-01
8.851233903363320277e-01
7.046469873266166806e-01
6.720439792735726225e-01
7.385999940668670494e-01
8.005469187584693946e-01
8.844196750982011856e-01
7.235285171400056559e-01
7.225123466294010033e-01
7.225123466294010033e-01
7.033039650323114067e-01
7.353240993686718241e-01
8.837893046037595957e-01
6.608738487193607236e-01
6.701548778948790419e-01
8.597918717499333230e-01
6.383106232390091117e-01
9.764757260169208974e-01
5.700180388191119496e-01
8.323264755404595761e-01
7.976883236450086345e-01
8.042822378336154099e-01
9.350907436576194609e-01
8.435438156588510594e-01
7.754979357063682688e-01
7.602651308531341856e-01
7.352041811461297316e-01
8.507916052712340971e-01
7.753473271724380389e-01
8.165294868364317837e-01
7.465452288472613773e-01
7.955383847396160224e-01
8.104249970086377930e-01
6.527573776740804856e-01
9.437852838264753075e-01
8.041191817572662659e-01
8.774191311452549380e-01
8.672559482188865188e-01
5.629126423310034655e-01
7.482599342640116058e-01
7.611256773923759100e-01
9.786021480022856212e-01
8.581438286431151141e-01
7.352295103343772231e-01
7.477426859970067730e-01
7.623903475216305958e-01
7.734081079483317023e-01
9.502286554461516488e-01
7.877965095797598849e-01
7.240940143762359948e-01
7.969705467907125529e-01
7.243226419459315446e-01
6.741233413143790099e-01
7.038557277885575392e-01
8.629328065582391183e-01
8.629328065582391183e-01
6.308321860667245318e-01
6.600817507119075556e-01
6.719580626158004888e-01
6.719580626158004888e-01
7.854218936767279891e-01
7.393887551708947514e-01
6.708641830923116611e-01
6.634287500823855543e-01
8.502260065641534803e-01
7.471378588700116063e-01
7.438301316883744185e-01
7.338938143414029946e-01
8.879016658704361742e-01
8.182844672040175960e-01
7.775470898162494260e-01
7.775470898162494260e-01
8.839001576280819394e-01
9.718332266739786451e-01
9.151148883463290362e-01
7.631427254658309511e-01
9.141125922729411712e-01
9.880981566313826736e-01
7.446308190925680082e-01
7.584505752641695908e-01
7.073197288614961886e-01
5.915076648955414074e-01
6.216262858494259191e-01
5.981317791384436200e-01
7.457551827700124036e-01
7.304483525612146533e-01
6.784647436145435639e-01
7.850312976276887511e-01
7.329101584778340284e-01
7.221663871263144241e-01
7.835239814460689400e-01
8.830476390494484962e-01
8.729768908477519851e-01
5.836569523313052121e-01
6.627473896075746218e-01
6.809627040452983504e-01
6.235269653704127446e-01
6.449006657080749161e-01
7.887657215265233557e-01
9.058020602108020070e-01
7.846222751555996799e-01
6.963931866674254456e-01
7.867422581879814913e-01
7.986518666876266659e-01
7.979460130940859708e-01
7.441101398146355850e-01
9.466977377283877226e-01
6.500476001523612934e-01
6.676871645008932710e-01
6.587147336498797578e-01
7.635284515453011345e-01
6.572391744502888988e-01
7.250987332725313816e-01
8.193341735020392980e-01
7.947167082215580436e-01
8.347076834318398753e-01
9.232155505093085912e-01
6.536632419218961765e-01
6.614554994445681624e-01
6.833632082369638372e-01
6.833632082369638372e-01
8.946797240277123420e-01
7.542100745825655039e-01
7.267164053786623334e-01
8.337539431187936945e-01
8.015525379075326695e-01
7.716965602715097905e-01
7.204452321162231332e-01
7.002212141815398194e-01
7.455388399946304423e-01
8.474869045147763735e-01
6.633995950221885929e-01
6.309679763211685222e-01
8.259993027469348936e-01
6.895381868350528576e-01
7.510581454046963978e-01
8.160193329178033750e-01
8.032531608340635065e-01
8.562441367571161921e-01
8.599903363018385205e-01
9.351648794580732504e-01
7.152405943073429917e-01
8.772036329967499713e-01
8.146672025239096726e-01
8.072214198660946360e-01
7.949701014302266167e-01
7.581055062515178466e-01
6.743542074176421819e-01
6.654157420056749928e-01
6.478010502384062841e-01
7.173928425736263437e-01
7.382864467319095736e-01
7.933236384388321349e-01
7.188929118431097720e-01
8.340258323492748538e-01
8.279886415424755342e-01
8.363316247118007807e-01
9.164827655870309009e-01
8.866435260304521560e-01
8.104047294472386254e-01
8.903805940300039135e-01
9.205733416505744726e-01
8.984794426947864121e-01
7.783736563585325063e-01
7.928860181007296726e-01
7.832842045989375501e-01
