1.724820809377968001e+00
1.974108686426688575e+00
2.252965457212263267e+00
1.853717943870347273e+00
2.112019983993538297e+00
2.067999183921652495e+00
1.821326273946290986e+00
2.118352258610457728e+00
1.830414811037162526e+00
2.111825557273626419e+00
2.159335286726712599e+00
2.225390891066921117e+00
2.455848762140533381e+00
1.746369370834409462e+00
2.099194204168004063e+00
1.948030385978503087e+00
1.971163353181326183e+00
1.722045844057860986e+00
1.749623284713524685e+00
2.277515835785134168e+00
2.115357307877783644e+00
1.812456479232226636e+00
2.224923234138072026e+00
2.167722326701927216e+00
2.296367726570188061e+00
1.924370990792296121e+00
1.925377105110362308e+00
2.083140409400777493e+00
1.828050179413484466e+00
1.880714623432329979e+00
2.058005588292776356e+00
1.906996275849001110e+00
2.110034212875642190e+00
1.868974033157413395e+00
1.882686103670319522e+00
2.207656849889981121e+00
1.949751053480421659e+00
1.822994871944098483e+00
1.862714932240193466e+00
2.027839797481071571e+00
2.086835584243696307e+00
1.924859834773125167e+00
1.991282788623706779e+00
1.977553305824296448e+00
1.933774219013911777e+00
2.229146467504136808e+00
2.129379646638922541e+00
2.152815236961129752e+00
1.869391227854609427e+00
1.810320354389887809e+00
2.168949917610208722e+00
1.809530078504349770e+00
1.795497074125671499e+00
1.646508195414764675e+00
1.840555092535802073e+00
2.235296428818517978e+00
2.119918015355733321e+00
1.859405296690212595e+00
2.052956098438600829e+00
1.832088086452976938e+00
1.743984938813293528e+00
2.050727952609890714e+00
1.963956606695532958e+00
1.963956606695532958e+00
2.220327831685945608e+00
1.867085596802023684e+00
1.982597728677101712e+00
1.966281176752471271e+00
1.941695132412615266e+00
2.194539889961892865e+00
2.012256653344333124e+00
1.699060444413134086e+00
2.237209814521913920e+00
2.142922333609318830e+00
2.060878170912533669e+00
2.203385441974404557e+00
2.138655319801217036e+00
1.897614083124431472e+00
2.074582781060719583e+00
1.932201359628344495e+00
2.010699957970584428e+00
2.042896652093272092e+00
1.920095068545973449e+00
1.910680099259324249e+00
1.877869440155954139e+00
2.074313415249216419e+00
1.873356646535051295e+00
1.902540591093783595e+00
1.732641437894129277e+00
1.923071233877043928e+00
1.982777606367504220e+00
2.138974043263137670e+00
2.162471005831347881e+00
1.684392761447520037e+00
1.660613031282422769e+00
2.291900759311781943e+00
1.841052662476299062e+00
1.829546282552615866e+00
1.868793659903079662e+00
2.033397420655305154e+00
1.714223076957614111e+00
1.628625651563377907e+00
1.688027340707535684e+00
1.717916339825798611e+00
1.961585258066031567e+00
2.038094071737832635e+00
2.056740235679894724e+00
2.042093948054638286e+00
1.750011525027225012e+00
1.852335547426058993e+00
2.095668320797723805e+00
2.051528833882445113e+00
2.051528833882445113e+00
2.104493154270070665e+00
2.242579983767011065e+00
1.950923304798921398e+00
2.152208440729498129e+00
1.900852434165760663e+00
1.956582172226315697e+00
2.368002059208492494e+00
1.809770460163112604e+00
2.253301189719521425e+00
2.184751734621455110e+00
2.113241695075995796e+00
1.974681668384919542e+00
2.010371953181967708e+00
1.917560803222394084e+00
2.201194790641619381e+00
1.921995673143758632e+00
2.200753069252505689e+00
1.963315842688102997e+00
2.284446082500371844e+00
2.261274298332303978e+00
2.392410494167226176e+00
2.116065427110313646e+00
2.218603307336295849e+00
2.272235217358855586e+00
2.296785987005156127e+00
2.132905809256239849e+00
2.231527342871219233e+00
1.992871915928642101e+00
2.494361657972161694e+00
2.358040781255404283e+00
2.196665957758419552e+00
2.344961586941065601e+00
1.961103266962405778e+00
2.490814774642543306e+00
2.574895303196024887e+00
2.671530888457641861e+00
2.358570971646442249e+00
2.336234476610151933e+00
2.793758039975840823e+00
2.377812710320748479e+00
2.464406133854194714e+00
1.958289663564391825e+00
2.204089936361262048e+00
2.457896804420585557e+00
2.429634112763960463e+00
2.425306730613537187e+00
2.198711159101351953e+00
2.488944184029787010e+00
2.279040217661087553e+00
1.999194704548434620e+00
2.212512444772723796e+00
2.043030247550386314e+00
2.542888945177647297e+00
2.627809567550899228e+00
2.627809567550899228e+00
2.254963157767034598e+00
2.189075692764061998e+00
2.187889242610362661e+00
2.192470433705225208e+00
2.431284957514632694e+00
2.489707105133089904e+00
2.100120636908889171e+00
2.393449624804108833e+00
1.897851055889170357e+00
2.032652268055914924e+00
2.162444846526745845e+00
2.426524184513542792e+00
2.158977099870497351e+00
2.159305320877099810e+00
2.115931858856219705e+00
1.922441014929391345e+00
2.378686049827751781e+00
2.473338704498639906e+00
2.765396263363482543e+00
2.329281837190114501e+00
2.862337290582480431e+00
1.725901100444137137e+00
1.842650122588336492e+00
1.842650122588336492e+00
2.381450772980031161e+00
2.361830654438545896e+00
2.160659224371187292e+00
2.365921656166919629e+00
2.211982627010112168e+00
1.970135797741932926e+00
2.439821870691824657e+00
2.048896645889325185e+00
2.379552342538699072e+00
2.050317652439272997e+00
2.238117020652614197e+00
2.226771815662489828e+00
2.246799335820930388e+00
2.315211559008189202e+00
2.120598005205311498e+00
2.225562084324169465e+00
2.459312659171428717e+00
2.034319495779439269e+00
2.366381802496518194e+00
1.940592710377078145e+00
2.626975633182374814e+00
2.730550274393528820e+00
1.983245862651079605e+00
2.202618665514560092e+00
2.215404367719313594e+00
2.340202337015010681e+00
2.055541902973469615e+00
2.163061482249202694e+00
1.869756028116746904e+00
2.142018635818582428e+00
2.024393605347730496e+00
2.360008718641951830e+00
1.949878789497446752e+00
2.419144599700524090e+00
2.002378580148874487e+00
2.409187407069713682e+00
2.062443452758491169e+00
2.350714475428841155e+00
2.347943837638934106e+00
2.414706259447222614e+00
2.009468767896509966e+00
2.254722373782045874e+00
2.248262019495095299e+00
2.183259015611566767e+00
2.176021345118057670e+00
1.823184285076881128e+00
1.790117811045088825e+00
2.044604963985440893e+00
1.731853007809082357e+00
2.307353884407867373e+00
2.040710037067154481e+00
2.154119878849020342e+00
1.950322676530626298e+00
2.202701292446345160e+00
2.340747152427780087e+00
2.260485720882455141e+00
2.465307563511694777e+00
1.885459905141084302e+00
1.896996713965053205e+00
2.340887987993822250e+00
2.102800408046463954e+00
2.293797809135440513e+00
2.097301169109786478e+00
2.161208280645171786e+00
2.068353205574892772e+00
2.263759309849665780e+00
2.303973385000837037e+00
2.374791883981651530e+00
2.361686785718022819e+00
2.189776001833806163e+00
2.266897827631953799e+00
2.332702414065704666e+00
2.332469500213225189e+00
2.194561281693304000e+00
2.167184054956513783e+00
2.179361123460265226e+00
1.915606915856318038e+00
2.701887381894343410e+00
2.608832736116524664e+00
2.608832736116524664e+00
2.123854495335375070e+00
2.485031673481564507e+00
2.739999358337829261e+00
2.050195930694652890e+00
2.155562631642960802e+00
2.023497103518054452e+00
2.519302463636217571e+00
1.936988125103047409e+00
2.300408886392268037e+00
2.115815247416676481e+00
2.289718188307179325e+00
2.292223102686453462e+00
2.269778387875945214e+00
2.259266551544659940e+00
2.347282465385032157e+00
2.212108480317603654e+00
2.400395476992945198e+00
2.316404006382785319e+00
2.189791066769415373e+00
2.396183030711574791e+00
1.915948849958999389e+00
2.024245480021916954e+00
1.982783267053377818e+00
2.299824905231045769e+00
2.471625386807937197e+00
2.453527099514895227e+00
2.131978832385831968e+00
2.355379332557637095e+00
1.644412367982762913e+00
1.608187280415770859e+00
2.048510212767490124e+00
2.086336076988527743e+00
1.829984664099311154e+00
1.681360430313819876e+00
1.673695466267518972e+00
2.312881678211576197e+00
1.743471988488047408e+00
2.206060636584567192e+00
1.986186721873419270e+00
1.906309356624073637e+00
2.146071964125059850e+00
2.263534102528852454e+00
1.774467555403711927e+00
1.923578023270190895e+00
1.684163655255705105e+00
1.634829669530316831e+00
2.145842392092785822e+00
1.721596289360881826e+00
2.199876659218821029e+00
2.089262020205922443e+00
1.789759482754472941e+00
2.145052844023118688e+00
2.092389893703067383e+00
1.745254239074076841e+00
2.090302303072209877e+00
2.051997715812968526e+00
1.766127804743447882e+00
1.684640181410113735e+00
1.745982978632720561e+00
1.691539215714384481e+00
1.893188139023490812e+00
1.993770701478471574e+00
1.721656058018856017e+00
2.144249179882431466e+00
1.942635448268580145e+00
1.944564154847084003e+00
1.925127024472089055e+00
1.885803284470207952e+00
2.212984464294505571e+00
2.165521432794357715e+00
2.101510295102825499e+00
1.949987316894989720e+00
1.975257174894625711e+00
1.893219110856679599e+00
2.324649794664225499e+00
1.886162797338654773e+00
1.893910878278410648e+00
2.143735460996230913e+00
1.840366218698498590e+00
1.851603861481182278e+00
2.011117859686390563e+00
1.727083471463296105e+00
2.128279486821468502e+00
1.912695007361345567e+00
1.870857166433917529e+00
1.770401949830388011e+00
2.013712923369513685e+00
1.965297432272238298e+00
2.022717157427742940e+00
2.219873349844810217e+00
1.756058101238074709e+00
2.300987646963408295e+00
1.875267767940948627e+00
2.058208240219761009e+00
1.724930957741879434e+00
1.654338324796837512e+00
1.982327545829470239e+00
2.024043060309561604e+00
1.891470820876976155e+00
2.047768743752782949e+00
1.600197780521461555e+00
1.855976644514893303e+00
1.860454772532482925e+00
2.068849364480061848e+00
2.019960096701218788e+00
1.950087330057870050e+00
2.140992433622520341e+00
2.132544667025985774e+00
1.678664952838398561e+00
2.340695857160083548e+00
2.113481098300909355e+00
2.062583324546062524e+00
2.118409812913166324e+00
1.865715261251207790e+00
1.986053664401756125e+00
2.015171719262231598e+00
2.015171719262231598e+00
1.779115716588687723e+00
1.802702466031436135e+00
1.779917596716345196e+00
1.795753830563960873e+00
2.128774530262068421e+00
2.018760485311929198e+00
1.906310058333020141e+00
1.959512495051259018e+00
1.852184028741722166e+00
1.961078291039359378e+00
2.152336723958616194e+00
