8.379220285427437798e-01
8.993411610938009115e-01
9.015823450168015674e-01
9.420825533824683795e-01
9.420825533824683795e-01
8.298008217179684287e-01
8.431189429459984286e-01
1.018432173880313263e+00
1.262998696069992599e+00
7.813547436436654170e-01
6.975175637704222886e-01
8.589635481293703689e-01
1.113925629351634639e+00
1.018030050288466715e+00
9.324908554098231273e-01
8.281501492466575298e-01
9.650746385455585274e-01
8.406629093143274112e-01
7.971505213552620983e-01
6.654449405319052824e-01
6.862690586572184337e-01
5.991287268345838468e-01
8.330827906886770773e-01
8.373548904401768578e-01
1.000311386561388183e+00
7.797042089361796435e-01
7.217878207426878800e-01
1.063851473988321805e+00
8.435664604091851482e-01
7.973087374086248458e-01
9.285194929040540002e-01
8.749812444946705181e-01
8.090432316321094497e-01
1.049277314861755794e+00
1.033229898965415838e+00
9.940849312788372361e-01
8.134572878285503128e-01
7.977718607391556249e-01
9.086039709280625543e-01
9.086039709280625543e-01
8.437966045378052504e-01
7.896635809660688121e-01
7.433796972980701856e-01
7.211680261475494902e-01
7.419477001787397885e-01
1.136201866899956725e+00
9.838843253983400317e-01
8.595190971277884007e-01
9.144568493493083761e-01
8.549931208995100729e-01
9.081901422776077482e-01
8.797602123555160469e-01
8.794173370521853883e-01
6.244049914802825008e-01
7.871282477825998214e-01
8.298339770227807222e-01
8.250944709184183656e-01
9.350155908513380076e-01
8.958719094590814613e-01
8.356907432669586910e-01
9.385795624497955680e-01
9.157530218680176581e-01
8.706869036638521520e-01
7.931591725263222870e-01
8.783618568061110077e-01
9.592907418320882895e-01
9.356443030273924322e-01
8.168021759664337855e-01
7.939623697632965937e-01
7.700113872616285438e-01
8.389913659426283532e-01
1.060607378682400403e+00
1.114128908921069083e+00
1.175222965389611351e+00
8.857505326597566730e-01
9.733988474577091043e-01
1.059305197977559621e+00
9.064852724952029428e-01
9.064852724952029428e-01
9.560349366202307575e-01
1.044401261135377457e+00
9.727736473821114727e-01
1.101076976710216870e+00
8.688699546588272149e-01
7.990661312419441442e-01
7.988372140430718416e-01
8.154656255986725277e-01
8.023315330123316214e-01
1.118271211095945183e+00
1.090359475593195127e+00
9.741433643572197099e-01
8.985623849312351918e-01
8.435481641748542314e-01
9.911823663732888257e-01
8.950853691432510972e-01
9.770910926089287907e-01
9.043311157048419258e-01
9.593057233088247981e-01
7.805348932808273688e-01
9.634826151016198104e-01
1.066549728688054088e+00
8.679728994124444874e-01
1.042597194537215222e+00
9.118054574161746917e-01
9.025913714418085654e-01
9.608332842731114321e-01
9.973520679739102945e-01
9.973520679739102945e-01
1.137618467117001986e+00
1.062922380069570627e+00
1.011143320247809951e+00
8.365459729948073742e-01
1.171654352601434690e+00
8.893582262559209806e-01
8.023611651857454063e-01
7.966597252740520441e-01
9.344934697704428972e-01
1.019731770578607755e+00
7.571402344623958669e-01
9.510878635775216194e-01
1.056090617732012626e+00
1.040062374825783342e+00
8.073386074334706342e-01
8.115002332733897150e-01
7.240620627105242013e-01
8.704795652699385267e-01
8.291443789627662708e-01
8.658432880319246738e-01
1.012064303839057322e+00
9.614731119203254739e-01
1.035335493145492336e+00
1.032896324106469033e+00
9.260444681641069042e-01
9.765883684154396116e-01
9.223306180858302783e-01
9.204719266410249512e-01
8.493743266406131864e-01
9.022987723704344321e-01
9.424077253358946749e-01
8.864907335241227759e-01
8.628745562502975197e-01
8.932482493939518653e-01
7.571802973533305892e-01
8.317477116623803735e-01
9.952405770464850532e-01
7.966639232911244539e-01
7.474122174775406080e-01
7.409908998422548576e-01
1.044962431973764705e+00
1.017939111217480930e+00
9.982668885917722612e-01
9.458922549220952769e-01
1.000098459078756719e+00
8.399711174877417807e-01
7.921556865031625927e-01
1.117987511624453978e+00
9.642871926949868611e-01
9.642871926949868611e-01
9.869176460187880640e-01
9.804846900670445287e-01
9.319811286338801626e-01
9.319811286338801626e-01
9.297771632568254674e-01
9.277253485463682336e-01
8.832227151108339447e-01
8.604082565152822992e-01
8.550416003745439086e-01
9.430275430510562940e-01
9.153483698872293406e-01
9.965334232478701981e-01
9.476311163866710796e-01
1.114997339653869712e+00
8.931274686747100455e-01
9.381400492416198666e-01
9.564464773029645039e-01
9.375406152278573657e-01
7.762890763102462399e-01
9.390470798810938158e-01
8.968319081294632289e-01
9.636446622444813093e-01
1.083412775975482800e+00
1.066174175568508353e+00
8.543654200243044894e-01
1.071655132567906010e+00
9.522537123125657255e-01
1.089359006452820466e+00
1.078996089397513236e+00
1.036466458986244676e+00
8.417799538758986566e-01
1.118151705367708582e+00
9.528025931805235160e-01
9.615697130147309313e-01
9.615697130147309313e-01
7.417022576981765480e-01
7.151117363542802696e-01
8.620771753458951192e-01
7.449293680309251320e-01
1.011563941594600724e+00
8.859545659905855297e-01
9.933363131360883891e-01
8.612027392271063286e-01
8.967427121499641496e-01
6.897219746439503529e-01
8.500046338819722269e-01
1.054543907516415135e+00
9.921924513905382437e-01
9.825807142133033967e-01
9.990310352165299168e-01
8.639555947133810143e-01
8.816541497892972368e-01
9.019761880581156355e-01
9.548120463754951048e-01
1.082106781168395759e+00
1.142681459549250045e+00
7.223115892136566796e-01
7.216736285128687589e-01
9.467328182022123340e-01
1.045966431220320514e+00
1.135425711889489042e+00
6.856145343054690366e-01
1.046290755304168041e+00
6.003006413514704320e-01
7.472704453410097258e-01
8.672068323716860538e-01
8.399656099484423821e-01
8.657067954823942646e-01
7.946058452874722455e-01
8.410296849582004075e-01
7.393625882874962363e-01
7.520222382589508703e-01
7.911309106842800976e-01
8.747910445699069726e-01
8.853456512708498538e-01
8.633540258647859345e-01
8.780034951517059483e-01
8.784643940615117774e-01
8.179694687224692284e-01
7.334208060216467207e-01
6.704525476621343572e-01
7.378641909312750879e-01
9.016124028294381088e-01
9.279827222879415416e-01
9.559011975083061552e-01
9.065086447599682851e-01
7.283004188260705503e-01
7.618105734357969450e-01
7.468064284927524721e-01
1.004783741450390622e+00
1.021008199424803919e+00
9.733168428373801806e-01
8.899486704009467175e-01
8.844675840388646071e-01
8.598149073787777485e-01
1.043663132799210969e+00
9.713729913683967210e-01
7.226492390442406100e-01
8.847286949666203215e-01
7.519037795478079600e-01
9.617568328452483772e-01
8.495952483219931795e-01
7.877016347443680511e-01
9.249203034258309808e-01
9.390603331893163652e-01
1.041089051949902311e+00
1.019526919355851380e+00
9.933290083080779098e-01
1.044323837186627912e+00
1.178626608260392006e+00
1.189596862612790629e+00
9.555564721304939946e-01
9.327571052439048715e-01
9.538014567269695876e-01
1.070183434673342981e+00
1.060154243282908526e+00
9.952644127891642212e-01
9.648768677159927920e-01
8.991376605452756632e-01
8.478370417636241774e-01
7.924930848146413132e-01
1.187378282827023845e+00
1.176739105347941905e+00
9.800315320754180437e-01
9.533052127650645247e-01
9.628513034597611098e-01
9.935642719656625488e-01
1.027299704354809329e+00
1.070113543209807672e+00
1.105297880796580534e+00
1.154099767359051620e+00
1.137474290924604947e+00
1.075208622285007465e+00
1.052954011427968073e+00
9.430759207151121482e-01
1.003504494953588511e+00
9.163325988336393779e-01
9.052241675219094841e-01
8.853048342415452687e-01
9.544609015935878737e-01
1.038415512342320879e+00
9.869088949086035623e-01
9.263145367946673536e-01
8.962902218512686092e-01
1.279179625219479810e+00
6.669651959594145030e-01
8.808978815423234021e-01
8.808978815423234021e-01
8.177051409876021637e-01
8.614211514098447653e-01
9.188679575567890723e-01
9.188679575567890723e-01
8.368110819339317219e-01
8.277426319906064922e-01
9.196300210624116511e-01
9.407989294747433062e-01
8.791698698022125669e-01
8.206536436447799954e-01
8.057092793303199940e-01
9.003304632390830564e-01
8.398156996004104702e-01
9.036681309512073490e-01
9.333245624455118739e-01
9.658495964486474294e-01
7.840569157179263504e-01
7.568915829739712997e-01
7.647898191501538712e-01
8.993294675323993959e-01
9.608669478522657847e-01
1.080405033985864849e+00
1.210653623985805227e+00
1.018324513224456496e+00
9.850148014493661508e-01
9.582856195391140641e-01
1.074034289694283162e+00
9.577407662283830003e-01
9.219145923798429676e-01
8.810411055855124074e-01
7.171324291582182875e-01
7.673328378241280889e-01
8.139455526853618395e-01
8.443094838312449335e-01
1.034472338959067761e+00
9.654893239353143919e-01
9.172940388569105208e-01
9.944922953449877312e-01
9.881136986382528242e-01
9.272687491834293860e-01
9.645330608286359908e-01
9.978565637449501313e-01
9.040650936357987888e-01
8.651582163037594420e-01
8.315838666644195243e-01
8.463832454956010665e-01
8.518158393609682744e-01
8.298293378260125364e-01
9.375515654399717569e-01
9.571976373141085626e-01
6.850864031305462509e-01
1.137052716217309412e+00
1.036469515532885577e+00
1.007787797043723010e+00
9.960935479657548886e-01
9.046575740759832396e-01
9.850749144412972447e-01
7.874563692335083687e-01
8.315196809433583747e-01
8.534593961754184388e-01
9.068712737401434243e-01
9.782116610603935891e-01
9.406357335316720691e-01
9.609841594225676520e-01
8.767361613059361236e-01
8.884350594544262458e-01
9.436481021887079823e-01
1.038273627185379411e+00
8.297333879946751090e-01
8.828986496113561122e-01
1.001792349322443876e+00
1.098198408789961000e+00
1.029772772072832909e+00
9.546730674466220590e-01
8.766528724182302001e-01
9.827800073466778086e-01
1.031860172898215966e+00
8.785829939171881930e-01
9.505469623496662912e-01
8.944644142813148457e-01
9.294005776457083812e-01
1.105013545177502277e+00
7.724266642471194766e-01
7.871090137050398283e-01
1.004411755875943779e+00
8.398309660586118497e-01
8.340735930693589095e-01
9.954045709708961853e-01
9.265244153765976876e-01
1.015601796287094905e+00
1.050894234459038845e+00
7.573546942657426451e-01
9.989383955436029749e-01
8.225742696248922181e-01
