7.203816377549091543e-01
7.232210616136032222e-01
7.566177674943193043e-01
7.339361736859759677e-01
7.968857430131611741e-01
7.948687203118159905e-01
8.607675260357753322e-01
6.966941944038459456e-01
9.878809338906260340e-01
8.657310215236770912e-01
8.247127813787547002e-01
8.117369769558003822e-01
8.811287465420943876e-01
9.737299785303517030e-01
9.685110502637573893e-01
9.734420012799288591e-01
9.556873412742955542e-01
9.626829652087933731e-01
1.036229971071181311e+00
7.899587639351727253e-01
8.399750307294199247e-01
8.255826446540631691e-01
8.257661764324513154e-01
7.852752573317587359e-01
9.915078794307302656e-01
9.779040868651324159e-01
9.709876450655516855e-01
9.543705113726260736e-01
8.482845187902373629e-01
8.275659931363499311e-01
7.261246817645095053e-01
8.374020966653721310e-01
8.374208832040861417e-01
8.921951247005097674e-01
8.548314783901347358e-01
9.653899548751654347e-01
9.050636735764279184e-01
9.185778544802486456e-01
8.900649739506106828e-01
1.002573258832258674e+00
8.540640005362357678e-01
6.783839015243322557e-01
6.632685096576788064e-01
7.163659283920654763e-01
6.697548866083355978e-01
7.505572557054783767e-01
7.668603777654010578e-01
6.886922820852960925e-01
7.703224870353041487e-01
7.935803448361906653e-01
7.012351658681194033e-01
6.268635606920542891e-01
6.294773669013423723e-01
6.843807805178783177e-01
6.981022797106580802e-01
7.822352848947893289e-01
7.764449739122908367e-01
8.672940653160260416e-01
7.994535298006605339e-01
8.184974302921106393e-01
8.833608955565420695e-01
7.082795735186069308e-01
7.596060921559898427e-01
7.596060921559898427e-01
7.339037763268236869e-01
7.241695179322629183e-01
6.977098604974738549e-01
6.674633764318289586e-01
5.579978501424334159e-01
8.764921098558587920e-01
9.510818768471093199e-01
9.968516265352043160e-01
8.377693907254847305e-01
8.395756373520395499e-01
8.354619669772085366e-01
9.647987213198033762e-01
8.730313350900025249e-01
7.188664416689219960e-01
8.078288986263338911e-01
7.809890861035845289e-01
8.811517322679093267e-01
8.420065185466395485e-01
8.525742485223253286e-01
8.803013610788034127e-01
8.725208913717963366e-01
7.298576656195056023e-01
6.640308649117994122e-01
6.261841310978846220e-01
6.833251673391004255e-01
7.013168427532612270e-01
8.035230125515299138e-01
8.503673091840653342e-01
8.471147427738210389e-01
8.370568956133408456e-01
8.486338146410199457e-01
7.473413220723840178e-01
8.157846142519015187e-01
6.244306360682067014e-01
6.749740841058305962e-01
6.905838905299553909e-01
8.911411248352836267e-01
8.776199407255590446e-01
7.627347438774055854e-01
6.694311827414288762e-01
6.232332753519307378e-01
6.626869645942981002e-01
6.572976638002411276e-01
7.000336341656868688e-01
8.210988995168969629e-01
9.070181325816349949e-01
7.282929396721089521e-01
8.454465931600881889e-01
8.454465931600881889e-01
7.738324726256439190e-01
7.843929460246173990e-01
6.893050298951858279e-01
6.425269848374027815e-01
7.492094381914984336e-01
7.651594053635120130e-01
8.495659443771982344e-01
8.467931518700165805e-01
8.335025456635727359e-01
8.679411182275357239e-01
8.588635210917509033e-01
7.321310252754935632e-01
7.244989262921759376e-01
8.026274665634126615e-01
8.319422507805763756e-01
7.965712510849296546e-01
7.497966897583389079e-01
8.020080693895309532e-01
6.984366918395653601e-01
8.183225111323619849e-01
9.628778942951738973e-01
7.082403480244965355e-01
8.754475543984606700e-01
8.587439535047389771e-01
6.957997850238621940e-01
6.614609963584858754e-01
6.111661375976757959e-01
8.409003249481445952e-01
8.206107311421487749e-01
9.164619155534134975e-01
6.720857337134935605e-01
7.119332873882636692e-01
8.044826932232473915e-01
8.191731945726440367e-01
8.241097999009071584e-01
9.122162948255707615e-01
7.841748521871737543e-01
7.315522184075640144e-01
7.895354919790453785e-01
9.717395236570262052e-01
8.780130086278458146e-01
8.043803078653957161e-01
6.712743137791168380e-01
7.539278579061613472e-01
7.119643038983880512e-01
7.490962951735432584e-01
8.490503303987396722e-01
9.355924097694930941e-01
8.113247407286844348e-01
7.592424277266022203e-01
7.763203509923201073e-01
8.187272065432166235e-01
9.940527100542100314e-01
1.064268549852984469e+00
1.064268549852984469e+00
8.400956476091322456e-01
8.115707628207327051e-01
8.395376031030126196e-01
8.327679395136193818e-01
8.625840805489144447e-01
7.786466649559554698e-01
8.720658486250826291e-01
1.025942312579507742e+00
1.027022837558829504e+00
1.038486950087895044e+00
6.804296265576835756e-01
6.810089786692795633e-01
7.047818271099284271e-01
8.242040902778497991e-01
8.185522724340714706e-01
9.047142635008803557e-01
7.766393072088659810e-01
1.001324112039318370e+00
7.521512013045333900e-01
8.382507881449532405e-01
9.432024470047493114e-01
7.531007800001199293e-01
6.658291252263276450e-01
6.658291252263276450e-01
6.091486367537751745e-01
8.482694600723795775e-01
7.303851832434823388e-01
8.648134183594192725e-01
8.367263512709313122e-01
7.717173329164040974e-01
6.585476113843936607e-01
6.199868300993555126e-01
6.014108359356514777e-01
6.444377392894516943e-01
6.835614959421579817e-01
7.523560288828826659e-01
7.088277034027509194e-01
6.635868956421169251e-01
8.017294959311590530e-01
9.072214670537863679e-01
8.724592456560461562e-01
8.670776928381986881e-01
8.592160098467670482e-01
8.550655595913608797e-01
1.033647340587196650e+00
1.052625169371093961e+00
8.378450501230937375e-01
9.738008916057604436e-01
9.232431713565972808e-01
6.989753828621505516e-01
7.355478107771779017e-01
6.487743357024117197e-01
7.783849971027511083e-01
7.433641244076699683e-01
7.032716722019910494e-01
5.431312354221145000e-01
6.901661919230811515e-01
7.218763716907463657e-01
8.674935721015190060e-01
7.271484699782458927e-01
7.905128187382287619e-01
9.046666048491144307e-01
8.793069129135161477e-01
8.332546582933297863e-01
7.374705102827426861e-01
6.661258028148304700e-01
7.640644195301657948e-01
8.244393486918102365e-01
7.426710714684171544e-01
7.786743116924726982e-01
7.785295068704553012e-01
7.372842973468265448e-01
8.193767599638243082e-01
6.679261684709336677e-01
7.325074440403127607e-01
9.442414456702735714e-01
9.114785012571730016e-01
9.347029511116128342e-01
8.777646295543205524e-01
8.070925413494756118e-01
8.059768061539617223e-01
8.852532104259295265e-01
8.914912332113434923e-01
8.281226665303137446e-01
7.287575178412041277e-01
7.603586830105907302e-01
6.927960337196843454e-01
7.115642290047871077e-01
7.442108969768089777e-01
7.166039570208637688e-01
9.226755049506429884e-01
8.132941134503737235e-01
8.948523459583705986e-01
8.831522693315424499e-01
6.469309095174503588e-01
7.223148729835822124e-01
7.876098116600285248e-01
7.560150754460684963e-01
7.028858000823544616e-01
7.120633100747296718e-01
8.877761978898642825e-01
7.401565161792620362e-01
7.027386162170434769e-01
7.027386162170434769e-01
5.810278752796889101e-01
6.323943583959791281e-01
6.381658411408683840e-01
5.717376152118797128e-01
4.769987362510960116e-01
5.127966657067326572e-01
6.489641930033223094e-01
7.517702188697341636e-01
7.988414942853738765e-01
7.504532034685592601e-01
6.014283373903415164e-01
7.608503878196759551e-01
7.482729622241202083e-01
7.594192802608986659e-01
7.129028895885958228e-01
7.643635609404182407e-01
8.226501609146614769e-01
8.280585704872117647e-01
9.300725221855296043e-01
7.579631243172356703e-01
8.453725566780534439e-01
9.195583896653689582e-01
8.768956573697015422e-01
7.928461616298865255e-01
7.264661309986081283e-01
8.271111499776575560e-01
8.950806306938634549e-01
8.295694963046782444e-01
9.098706231601401129e-01
8.678609344656776914e-01
8.763310459673665509e-01
8.947228320556507297e-01
8.429698403294892950e-01
8.012394651832935866e-01
7.082403574048102834e-01
6.423401802448943654e-01
7.469360242797415950e-01
6.788566176538621821e-01
7.487498601078228511e-01
9.672396606960265153e-01
8.800095366473753566e-01
8.570105958072301577e-01
8.723173291742780666e-01
7.572633982732089875e-01
7.334700828249196558e-01
6.528717361154287024e-01
8.319793209285806235e-01
5.980484465724819065e-01
5.371216270702936502e-01
4.662157203554389007e-01
8.189237128998088089e-01
6.828513089463121855e-01
7.037296452393495549e-01
8.012646072826062893e-01
6.738256238759552375e-01
7.492973518288567059e-01
6.871833069300304908e-01
6.194066326797148525e-01
5.718141837162576957e-01
7.632130626803006468e-01
6.416405188631880696e-01
6.707061952715962505e-01
7.447788582653236400e-01
6.686493007717940751e-01
6.550977439191716378e-01
5.825972971367757713e-01
7.069025330099443227e-01
5.308142817170522498e-01
6.236280413026088487e-01
6.566853372510836895e-01
6.719626260901269132e-01
5.633488277000628930e-01
4.664836386179814776e-01
5.783589274534168823e-01
5.788594664588623262e-01
5.404718932025420752e-01
5.906603820543621097e-01
6.003818408897486636e-01
6.041151248111972238e-01
5.967216938050841080e-01
7.223311626894812765e-01
7.232297084593989345e-01
7.701268923714558179e-01
7.261322335255749882e-01
8.766410135189323105e-01
8.992980450914633828e-01
8.466026044180280374e-01
7.546194196695343859e-01
7.086062959903772773e-01
6.586879117392677729e-01
6.329216391625801519e-01
6.258787029333995333e-01
7.720579636039657245e-01
6.345010143032927541e-01
6.434151744407911044e-01
6.490047451830427416e-01
6.026482543512510226e-01
6.613142810369634361e-01
7.101460329159888785e-01
6.628171554641070218e-01
5.078716074757195775e-01
5.937374378298755362e-01
8.333796503721392357e-01
6.606200163304427608e-01
6.110395646972245354e-01
6.793085698577847609e-01
7.154371847339672241e-01
6.639712326440465606e-01
6.397355225213373631e-01
8.004812372860290459e-01
6.415586955542452730e-01
7.868289494159609321e-01
8.351051346326703317e-01
6.852155575419783817e-01
6.543920583928264367e-01
7.662028257985822322e-01
7.662028257985822322e-01
7.559341879943567433e-01
7.533761471852444824e-01
8.438728801134934843e-01
8.055027295664879405e-01
7.698017621342990724e-01
7.675186699045852823e-01
7.951814560385311870e-01
7.345991245552797588e-01
7.415980868193271514e-01
8.035372815090469079e-01
7.488019224934630014e-01
