4.931320869822410913e+00
5.012127441080392209e+00
5.042656552156148386e+00
5.065905095337219777e+00
5.083622594909994241e+00
5.029747607617446548e+00
5.041122622318052748e+00
5.025602655927397855e+00
5.025602655927397855e+00
5.025602655927397855e+00
5.019669126214109767e+00
4.929550508756125105e+00
4.965008049998444584e+00
4.965008049998444584e+00
5.001871747003516333e+00
5.044597927968301754e+00
5.030503105124764396e+00
5.021880535702156756e+00
5.087033389377526582e+00
5.004319342926130787e+00
5.004319342926130787e+00
5.004319342926130787e+00
4.980541005582693082e+00
5.080548476934819924e+00
5.024804119022964422e+00
5.028970242869521101e+00
5.046303147428905511e+00
5.034483920700854931e+00
5.050594436841181256e+00
5.026430208729555815e+00
5.054406931091381061e+00
5.024969661696299106e+00
5.024969661696299106e+00
5.021575624640549407e+00
5.023405802749510762e+00
5.023405802749510762e+00
5.029234793824119087e+00
5.054805438071035439e+00
5.024147289475683564e+00
5.024147289475683564e+00
5.012572631346492003e+00
4.962983161089182360e+00
4.996502731364797611e+00
4.996502731364797611e+00
4.937374240297702777e+00
4.961916283606671030e+00
4.910424346533536877e+00
5.025640206965090506e+00
5.025640206965090506e+00
5.106966857314130692e+00
5.023588677920369783e+00
5.017816504063601357e+00
4.989694095135175367e+00
5.003957965212979531e+00
5.012079345609430803e+00
5.044162946105628542e+00
5.027531313093288823e+00
5.023671475354297478e+00
5.003863269256821233e+00
5.004969940695276343e+00
5.005790128988621746e+00
4.967959774595135158e+00
4.969356046519324721e+00
4.969356046519324721e+00
5.046868255204401521e+00
5.022717283450647052e+00
5.030016949145180938e+00
5.050358168593414021e+00
5.134420721845061486e+00
5.074383510357304061e+00
4.969998363415841780e+00
4.964035898607493280e+00
4.964035898607493280e+00
4.971753248907039513e+00
4.906630499820860969e+00
5.110269362881466826e+00
5.052179828320894295e+00
5.070310635513497921e+00
5.081988090739387509e+00
5.039511854022248549e+00
5.039511854022248549e+00
5.049816578008306855e+00
5.011626184056234834e+00
5.057780136783454061e+00
5.040599994790774474e+00
4.968121501552093200e+00
5.032614524926289690e+00
5.066395610092310875e+00
5.054445712844462868e+00
5.002251738789333935e+00
5.041479634286894829e+00
5.034230442275982931e+00
5.055904312435336223e+00
5.013824305894389433e+00
5.013824305894389433e+00
5.006573355502125899e+00
4.975434386601596870e+00
5.044715493976970500e+00
5.027910843482485959e+00
5.040615048088358918e+00
4.992882451109157849e+00
5.006650894074483382e+00
5.032825802081271505e+00
5.022589953148785646e+00
5.022589953148785646e+00
5.022589953148785646e+00
4.976214545548454993e+00
4.952525524455166028e+00
4.877469144484431141e+00
4.991130349270788358e+00
4.995141363443154070e+00
5.001194038528719688e+00
5.049758945284440692e+00
5.049758945284440692e+00
5.023887258573324743e+00
5.040130093232096264e+00
5.034165901897943662e+00
5.012116915427897723e+00
5.040028154826536877e+00
4.966333689456594591e+00
5.004946205500246492e+00
4.973888830167369157e+00
5.004919736717361900e+00
4.992421216640946291e+00
4.978668078316002443e+00
5.009999244073804370e+00
5.040807268401939822e+00
5.037548598117328247e+00
5.016332608025313888e+00
5.038444809634664345e+00
5.062683328446721198e+00
5.034051959939620069e+00
4.934077462105758372e+00
5.065817078681503105e+00
5.086987401411011689e+00
5.049296310472636051e+00
5.049296310472636051e+00
5.058615672721423095e+00
5.089336119064797437e+00
5.012961866992906579e+00
5.068639310169333001e+00
4.999552186889111738e+00
4.974067914372723109e+00
4.980567216268052988e+00
4.964937400138563994e+00
4.961177564855073108e+00
4.977326034612712391e+00
4.977326034612712391e+00
5.021332985387248371e+00
4.941427992193691665e+00
4.984040557202819244e+00
5.014148871816653141e+00
4.970448615005643944e+00
5.077654006040055457e+00
5.067341415315677722e+00
5.101813725697392776e+00
5.045375342247194972e+00
5.073338339022387622e+00
5.088127205122092711e+00
5.088127205122092711e+00
5.003492875080299385e+00
5.029295841663248723e+00
5.012444115311456727e+00
5.041123567995704491e+00
5.017323742103507733e+00
4.989925121026246302e+00
5.003986267881896488e+00
4.969906155428488681e+00
4.996564108825942263e+00
4.988182318990871167e+00
4.987925555327998417e+00
4.928767192402474961e+00
4.936006121563631055e+00
4.947895533382281386e+00
4.973480708635786840e+00
5.001376243406761013e+00
5.001376243406761013e+00
5.003754553606597710e+00
5.003754553606597710e+00
5.088816433715427578e+00
5.002804649989148089e+00
4.965858519650522496e+00
4.938602904554413975e+00
5.141942836863049315e+00
5.026211007701876454e+00
5.043541933181017178e+00
5.026391944969131664e+00
5.045153808087355252e+00
5.064889278622951352e+00
5.054750008865567246e+00
4.943989423515522397e+00
5.052536597716310141e+00
5.052536597716310141e+00
5.062152743351991724e+00
5.045541809779545694e+00
5.045541809779545694e+00
5.071835830912361232e+00
5.094577627263666031e+00
5.001951460568435870e+00
4.897838595978869058e+00
4.989951393753579545e+00
4.911914977883988342e+00
4.956949309350039634e+00
5.028096805229728794e+00
4.988793817115942275e+00
4.993776434110217544e+00
4.982629994971235377e+00
4.972219151647341739e+00
4.967678023379955121e+00
4.956771323594155731e+00
4.973962213842524349e+00
4.984748878554380092e+00
4.954884128341367600e+00
4.948899516579481350e+00
4.978713752369076317e+00
5.035067377753490447e+00
5.010650370168871603e+00
5.034834038513963606e+00
5.034834038513963606e+00
5.034873403123700797e+00
5.029758796100602503e+00
4.999792061966349621e+00
4.988579075223670500e+00
5.043841926098786566e+00
4.870774097089062948e+00
4.973440773227881806e+00
5.063141986831076302e+00
4.951378102684106608e+00
5.016317235924342199e+00
5.011510221674165599e+00
5.024806302683092696e+00
5.062648959462455522e+00
5.053003071963140691e+00
5.061018583585111585e+00
5.069962933394756455e+00
4.989218223348208525e+00
5.048105390320465347e+00
5.050928042170670373e+00
4.951709167192934302e+00
5.068274277387717852e+00
5.082130675230416728e+00
4.945888922771244367e+00
4.967543981315666102e+00
4.984429468034384136e+00
5.049592934838487146e+00
5.058101286560740206e+00
4.966811307473315118e+00
5.009005740088801062e+00
5.088210508039591851e+00
5.056668094739761976e+00
5.026735187425223295e+00
5.028530079317254042e+00
5.024990538302288812e+00
4.992308715023007437e+00
5.001951561439915928e+00
4.975632863511651571e+00
4.981589943055112712e+00
5.050334562373679503e+00
4.981866961091063750e+00
4.979105770990246427e+00
4.991482537325580005e+00
5.026275716831676732e+00
5.083578606968874425e+00
5.021485923750445224e+00
5.044530265539687086e+00
4.973236962413960960e+00
5.001493359981229680e+00
5.084097653622464463e+00
5.147198194391745751e+00
5.018671126808158078e+00
4.949671811708182823e+00
4.935687990652229296e+00
4.942379997905033129e+00
4.948506570728048004e+00
5.051989565081324685e+00
4.929559459881645012e+00
5.016372115426364076e+00
5.004336462373800032e+00
4.937261173270124814e+00
5.034570706730990608e+00
5.035813090319075869e+00
5.030078883359374586e+00
5.060789582218058413e+00
5.060789582218058413e+00
4.960039890375925964e+00
4.976189222210908980e+00
5.021075769551637258e+00
5.012070113408761074e+00
5.011230691275220472e+00
5.011173288411447047e+00
4.993163445748060703e+00
5.089526532998099206e+00
5.006884078286442552e+00
5.023850808879420704e+00
5.080946384002232641e+00
5.024768216223880479e+00
4.924801585185593744e+00
4.931969740836667171e+00
4.960445993552996313e+00
4.972233987705132030e+00
4.984071721405592292e+00
5.009642041985752137e+00
5.060059721837387059e+00
5.062479498495660479e+00
5.096762898066201863e+00
4.984170814791952786e+00
4.912931011134712200e+00
4.936137200942368075e+00
4.958532053018324781e+00
4.932355690949231430e+00
4.879563080944748776e+00
4.911304029593504872e+00
4.996268852639534686e+00
4.988369578243167624e+00
5.072667069189463973e+00
4.984173277509723832e+00
5.023123143981192307e+00
5.025347240810626559e+00
5.006898905522644050e+00
5.024852399789905277e+00
4.989483173418432393e+00
5.032743097919467168e+00
5.040300727691305660e+00
5.019345142419191497e+00
4.954019519250137726e+00
4.975284260174703377e+00
5.050428461026532645e+00
5.060495868421236665e+00
5.060495868421236665e+00
4.991717690182253975e+00
5.025483894652223782e+00
4.981520972399190228e+00
4.965689695047135643e+00
4.948039206468689777e+00
4.915028570651128526e+00
5.004505616297434401e+00
5.028964308781249670e+00
5.000074450672284065e+00
4.944827531108386687e+00
4.937746391709098681e+00
4.987740588524836483e+00
4.998531609533949371e+00
4.998162169110487163e+00
5.077178604201173506e+00
5.003607918522320119e+00
5.006435569696050081e+00
5.014330640248931381e+00
5.002220719092391299e+00
4.947493245977368836e+00
4.956327037568013516e+00
4.947072500994426747e+00
5.058960674172891636e+00
4.921353467844991059e+00
5.015105605176001013e+00
5.015105605176001013e+00
5.025070505079015426e+00
5.009247000736464450e+00
4.991691372940295857e+00
5.112008437724306908e+00
4.966065765899450923e+00
5.034904114410466924e+00
4.996693542407452782e+00
5.020083115226662507e+00
5.056827573142100185e+00
4.973338975168076992e+00
4.990083744396744514e+00
4.974706452414439539e+00
4.901013297701553029e+00
4.887168537250562217e+00
5.026329955670324701e+00
5.027990026248197353e+00
5.030898312896754376e+00
5.007745531710474651e+00
5.029912675430172619e+00
5.036497441412851828e+00
5.032897841131856786e+00
5.046294766144517219e+00
5.004866575357028502e+00
5.018369810153195054e+00
5.002900566659468140e+00
5.020770929678193717e+00
4.991494970464248837e+00
5.026432412792291693e+00
5.019672775270780818e+00
5.002005211318296674e+00
5.007644586396748920e+00
5.007652027824199159e+00
5.097119237035534489e+00
5.023150872590603555e+00
4.995620468020676164e+00
4.987716500984562096e+00
5.027512996996791550e+00
5.038602047694738850e+00
5.043212665271208373e+00
4.978824082267193418e+00
4.960494080280499318e+00
5.039045910205573797e+00
5.074682819779826382e+00
5.071677926790260749e+00
5.018649379218180329e+00
