5.294485105646764111e+00
5.250511450184777829e+00
5.260564040722459644e+00
5.288581531252550150e+00
5.357094150129939614e+00
5.269740636166401870e+00
5.259008595239807349e+00
5.248939498878761434e+00
5.303410348428585941e+00
5.316539177027988394e+00
5.334852664879417006e+00
5.272175108369240526e+00
5.277675379741709527e+00
5.290736750213673290e+00
5.337339184581224139e+00
5.373777794259875229e+00
5.325358946073184718e+00
5.320859174730591334e+00
5.350203391615370840e+00
5.278936592231521452e+00
5.278936592231521452e+00
5.292892490009074358e+00
5.289989144370270679e+00
5.309582244780203908e+00
5.170439805972235625e+00
5.250634904982432793e+00
5.231966738349861146e+00
5.222397167650862926e+00
5.237890862730798958e+00
5.217335849448094365e+00
5.226808501630646475e+00
5.225769173004472634e+00
5.180061109092025440e+00
5.155633715807543815e+00
5.184877537959227567e+00
5.237389538587964743e+00
5.249862578343342356e+00
5.214099678370093471e+00
5.174437190378211149e+00
5.218773501441064333e+00
5.182493905281953417e+00
5.274451465935839245e+00
5.244315976374518407e+00
5.181703564373083992e+00
5.190579668962849169e+00
5.220664101889639142e+00
5.201979202549371628e+00
5.229944561139399539e+00
5.255518074586170485e+00
5.258318153680232143e+00
5.256507988870501080e+00
5.231946275867974450e+00
5.233604982274127515e+00
5.221214627060030367e+00
5.239685836797277396e+00
5.304326416164085956e+00
5.263966677665190552e+00
5.300372574993450492e+00
5.242004907135146219e+00
5.309230527863287641e+00
5.249030594891721080e+00
5.272706998121576838e+00
5.248861541227547889e+00
5.220860744500336992e+00
5.221623424763212284e+00
5.203018455070393067e+00
5.185471089662308408e+00
5.203019055570284657e+00
5.246638429925327252e+00
5.246858784055369540e+00
5.243571944290866149e+00
5.254714897257045436e+00
5.259109980303716014e+00
5.300649784474057213e+00
5.300649784474057213e+00
5.265927681922480730e+00
5.269884283959093807e+00
5.221327852222970911e+00
5.215020889296744677e+00
5.250625043259550040e+00
5.250625043259550040e+00
5.264465356218334335e+00
5.286517812066169775e+00
5.224656138552540519e+00
5.223096953870926207e+00
5.206955373954634148e+00
5.255037561890918418e+00
5.250857056763734043e+00
5.180105321946214758e+00
5.202619914944173196e+00
5.264219677723243507e+00
5.259555145825456357e+00
5.208367531282035223e+00
5.355279211965793706e+00
5.175997542867154522e+00
5.190378940265012453e+00
5.222746814202987586e+00
5.195781151250346674e+00
5.195781151250346674e+00
5.183084384861345484e+00
5.290858952619055700e+00
5.213499050130445234e+00
5.253943527473840192e+00
5.294801799947126852e+00
5.323046229518976880e+00
5.369479226478057754e+00
5.318033639392665712e+00
5.312053911443900489e+00
5.285067090407383539e+00
5.207443314654733868e+00
5.299203290478022410e+00
5.308244242767239385e+00
5.296275186298542437e+00
5.314676050086765358e+00
5.307300392267751299e+00
5.344049961382270730e+00
5.259923159788463920e+00
5.253142448005679199e+00
5.217834070570250837e+00
5.187270681655137494e+00
5.300825225746248037e+00
5.216095927026132451e+00
5.194516929820937712e+00
5.194228427392882708e+00
5.262839135790841283e+00
5.286424337946039387e+00
5.282371221538522121e+00
5.219770032584155395e+00
5.217260039187047838e+00
5.244517601812758834e+00
5.324602407682105465e+00
5.219186998100296293e+00
5.253561970965439976e+00
5.237357352127679277e+00
5.303040677909942602e+00
5.316900624881312432e+00
5.296905807449071801e+00
5.296905807449071801e+00
5.286896856602284700e+00
5.211313518065794348e+00
5.185580634791236321e+00
5.275466013369669582e+00
5.279381719733891032e+00
5.327536704618868413e+00
5.257858632468037641e+00
5.263305607694389820e+00
5.227599752821185497e+00
5.213586791577133894e+00
5.222908784647069425e+00
5.250307744069588445e+00
5.237165431784627678e+00
5.248630152409018201e+00
5.256061039008324443e+00
5.255008942030465313e+00
5.255008942030465313e+00
5.267622206176471700e+00
5.231949444379843328e+00
5.267491915540006175e+00
5.200620783320964335e+00
5.220735990527355597e+00
5.221308808487369113e+00
5.243108695187369328e+00
5.269307619171834212e+00
5.262250250966791221e+00
5.242614850110433267e+00
5.237435143212477051e+00
5.250604099906478694e+00
5.357397526272471566e+00
5.356877410554318431e+00
5.322254351238635550e+00
5.210576153521965459e+00
5.233452897712703056e+00
5.254294213206545550e+00
5.255308954187719372e+00
5.247342611316526018e+00
5.213098399026034890e+00
5.269552188102148982e+00
5.312658150809916435e+00
5.328768830911140952e+00
5.317338162339096286e+00
5.354415337584750745e+00
5.396498784959017136e+00
5.357276269163197213e+00
5.277194137795068407e+00
5.259906893703662156e+00
5.280911279865913244e+00
5.220095819612198262e+00
5.201583311536965404e+00
5.201583311536965404e+00
5.243842077524350387e+00
5.270971702056047370e+00
5.188067710650724251e+00
5.183616359633297144e+00
5.243390551840771963e+00
5.244897230701134561e+00
5.244897230701134561e+00
5.230000491002634533e+00
5.284664606782811802e+00
5.304212593312302992e+00
5.284810982938509483e+00
5.232900501974616425e+00
5.244427101703251992e+00
5.245224760358515148e+00
5.245114587351028312e+00
5.263635024767324921e+00
5.204112597149443964e+00
5.233527857767031222e+00
5.265795807416873586e+00
5.346893810052059770e+00
5.245893915554839637e+00
5.245893915554839637e+00
5.272572706489421890e+00
5.245961372811295931e+00
5.254781488208938534e+00
5.247534247078458058e+00
5.174105498890950727e+00
5.250208468605709555e+00
5.261086928462689549e+00
5.249685109479449885e+00
5.270606145039123724e+00
5.226290557276953130e+00
5.241149197269217908e+00
5.252938035995820876e+00
5.265961142953297980e+00
5.252342812887336621e+00
5.259458112969416455e+00
5.333167727664792857e+00
5.302954018713930573e+00
5.284957242562253299e+00
5.233006062130407088e+00
5.232277332046373353e+00
5.233147964492533610e+00
5.231490368399351887e+00
5.262612197289464611e+00
5.294814199090294160e+00
5.298212147472497691e+00
5.316105999698750750e+00
5.306524382558312602e+00
5.324480675089143134e+00
5.314718948765389861e+00
5.185186103298410565e+00
5.230674952424635649e+00
5.296289115110870860e+00
5.229549580453898727e+00
5.289016920341557793e+00
5.272796388782187371e+00
5.234472009988790475e+00
5.260915038420949763e+00
5.260915038420949763e+00
5.209555341949672069e+00
5.309805638357229185e+00
5.313053221430348749e+00
5.216127846238835630e+00
5.197895763876620556e+00
5.165166770881059577e+00
5.159855203140001123e+00
5.166923938729746091e+00
5.167342813477143082e+00
5.222969511220428629e+00
5.240351167184698511e+00
5.256272407101008071e+00
5.259638276020133674e+00
5.302063268583240507e+00
5.220967674106923084e+00
5.317314384322396670e+00
5.232882170456734094e+00
5.271755512213534445e+00
5.115226497120294979e+00
5.144759059415017433e+00
5.171765880206518062e+00
5.268935183909800202e+00
5.301074307956001874e+00
5.309022783154299319e+00
5.198635845015524559e+00
5.183560147911379978e+00
5.210130545090314591e+00
5.240353286006194544e+00
5.240353286006194544e+00
5.288038901042267703e+00
5.302855949107163624e+00
5.305937109889259595e+00
5.300616359289814561e+00
5.249137224527636647e+00
5.296220934616039600e+00
5.260679281947869157e+00
5.217597617074224203e+00
5.323202221902159081e+00
5.316059725815011738e+00
5.199189967768076848e+00
5.265671396407057614e+00
5.324159511203383488e+00
5.313394055258150672e+00
5.306058753224639268e+00
5.282092498804761505e+00
5.226233884634337024e+00
5.279628696850822145e+00
5.215310943586126236e+00
5.274355949837000068e+00
5.204001711896784066e+00
5.239115753274997900e+00
5.295480692181898874e+00
5.196889216763613817e+00
5.219201401854179245e+00
5.291578001217041027e+00
5.279249025357599656e+00
5.245076846537017445e+00
5.235269836744551597e+00
5.237497301707466413e+00
5.257804640004954067e+00
5.232416796582060492e+00
5.275863538570607858e+00
5.232408782246716683e+00
5.293419105440293926e+00
5.323729953695723438e+00
5.220250895449063400e+00
5.228999824665964802e+00
5.209696149774353024e+00
5.212241758247924572e+00
5.215222154051501136e+00
5.310171129499520859e+00
5.259766598715335917e+00
5.263128880394297937e+00
5.265166492610438453e+00
5.278350276366850835e+00
5.309499472091716576e+00
5.305069856353743063e+00
5.287629662957229471e+00
5.311729449987157459e+00
5.251535183642165094e+00
5.251535183642165094e+00
5.246813520826172805e+00
5.281513921892299734e+00
5.323004564269683492e+00
5.303203900106646884e+00
5.279308109057346599e+00
5.279308109057346599e+00
5.243307652483886194e+00
5.231348753690104658e+00
5.344984370155345665e+00
5.335529617551353354e+00
5.294034473080977854e+00
5.248509610524491720e+00
5.282256668251335441e+00
5.241844271691283197e+00
5.244336620812786620e+00
5.354294300539509166e+00
5.316154890014653134e+00
5.316154890014653134e+00
5.234832989320953089e+00
5.304046293488306141e+00
5.240479713392649508e+00
5.286040639226254889e+00
5.220082732793764890e+00
5.362956752241738734e+00
5.326762286786234313e+00
5.349890515507650157e+00
5.338836437624970621e+00
5.274124373392204745e+00
5.243586148346875753e+00
5.200264759612313270e+00
5.239617042101959221e+00
5.166526265475285484e+00
5.147443153631688695e+00
5.150876028359616221e+00
5.150876028359616221e+00
5.275565372807073494e+00
5.217466583908273670e+00
5.289663397074723328e+00
5.143976347346955968e+00
5.280536923210111588e+00
5.269431924499336617e+00
5.222787411674393532e+00
5.310650400737330301e+00
5.318264950569244753e+00
5.287200861527679763e+00
5.245808521435014526e+00
5.241632921581635074e+00
5.218786200065261838e+00
5.339753231151688873e+00
5.339975840988246958e+00
5.201712014562584585e+00
5.200801594589714583e+00
5.200801594589714583e+00
5.195205261437378930e+00
5.222232960923087752e+00
5.270703270871133661e+00
5.270703270871133661e+00
5.220407859827237651e+00
5.224728653036174286e+00
5.284735340670151160e+00
5.205092980018048543e+00
5.288552934925484728e+00
5.286217205089256410e+00
5.204615423263931895e+00
5.143328794937270132e+00
5.251333236073056021e+00
5.221215487552250956e+00
5.254361750444611623e+00
5.238992891029339738e+00
5.229394123242894210e+00
