5.268596727950005665e+00
5.288009651395230826e+00
5.155295633706413305e+00
5.230267816463805453e+00
5.237075652879975785e+00
5.229097494291247372e+00
5.229097494291247372e+00
5.327779160693884464e+00
5.299425735000952820e+00
5.284902647585367319e+00
5.315139644891461401e+00
5.315139644891461401e+00
5.243409368115942826e+00
5.208996116036853863e+00
5.261720609228456524e+00
5.225645933157478495e+00
5.290609467369574936e+00
5.333916306609183700e+00
5.271114704496601355e+00
5.211451286784967607e+00
5.250346301569101648e+00
5.253589496199978726e+00
5.278654692137358495e+00
5.277054180815598627e+00
5.211562651514006106e+00
5.171424350666105951e+00
5.211405063857394104e+00
5.184130399986861093e+00
5.187813747583469137e+00
5.131046509684586532e+00
5.144501851179947849e+00
5.157323914817612653e+00
5.189320359625926748e+00
5.257209292773485920e+00
5.297133767116254610e+00
5.273361440431532543e+00
5.195368093553976330e+00
5.225606768946922109e+00
5.213884828818324380e+00
5.199186155618751748e+00
5.196170441495998382e+00
5.245803005250231799e+00
5.244207489469332906e+00
5.311446569283650554e+00
5.349841729547843094e+00
5.233871656036890307e+00
5.289863798973280851e+00
5.288446366488107842e+00
5.260094602346357284e+00
5.247187488433380231e+00
5.294847815171348060e+00
5.276360410907984466e+00
5.280272290724383311e+00
5.286736708373884319e+00
5.299724890617766526e+00
5.274315805679135494e+00
5.240995385195471812e+00
5.178999546786744901e+00
5.200892292490554070e+00
5.218874990322263763e+00
5.226131412915665742e+00
5.249572781516287812e+00
5.249257721241914254e+00
5.211610334412888790e+00
5.169434342355368805e+00
5.178571336033469308e+00
5.171043734573404826e+00
5.249680333290247525e+00
5.222219913686801718e+00
5.241144217077456702e+00
5.263139326557014108e+00
5.239568598598790317e+00
5.239568598598790317e+00
5.203478069771566794e+00
5.258038279696096495e+00
5.208538315222382309e+00
5.245032191762009077e+00
5.249461738786466825e+00
5.248611598287778790e+00
5.210827900099999077e+00
5.337812939617031738e+00
5.254939667110760659e+00
5.229133810199096288e+00
5.237694017858896878e+00
5.274437525910552260e+00
5.278168824903578304e+00
5.240934343783469451e+00
5.240934343783469451e+00
5.255436325398472164e+00
5.248597634123498779e+00
5.283625258719397699e+00
5.295031195021607573e+00
5.260540713163808668e+00
5.263161557053813944e+00
5.253914075983530552e+00
5.248799438395632677e+00
5.243480651369940126e+00
5.264308736340529649e+00
5.275259739887004251e+00
5.284492028173640499e+00
5.232177777279216180e+00
5.241266462782469659e+00
5.246543743968567597e+00
5.201711601663239648e+00
5.212203670283257928e+00
5.342301988900950427e+00
5.215932035978765313e+00
5.305700228002979912e+00
5.321173557495396444e+00
5.321843891798769377e+00
5.308022935595129610e+00
5.306084581160691371e+00
5.295633293768664096e+00
5.168918832336498070e+00
5.272987631732850566e+00
5.237218221882995906e+00
5.257099618540808983e+00
5.252862162251162204e+00
5.275759671276436080e+00
5.267774997698358774e+00
5.318942609053880055e+00
5.325015687462230751e+00
5.386771012833344585e+00
5.295360861141956477e+00
5.343231287663435580e+00
5.312576192174156553e+00
5.371567495761545352e+00
5.190053536404365175e+00
5.233814152307853185e+00
5.238177304053730943e+00
5.292107457725986563e+00
5.308001229025984813e+00
5.207936660145021435e+00
5.248081874141165670e+00
5.248081874141165670e+00
5.237611858092435568e+00
5.217987942880404795e+00
5.271159892719088802e+00
5.260804314477214305e+00
5.214636986737898994e+00
5.214636986737898994e+00
5.274540551726554227e+00
5.266630278302210755e+00
5.214787277334658633e+00
5.221216035180746395e+00
5.195063939306105105e+00
5.224998102697322011e+00
5.197813563674738013e+00
5.268043809266981015e+00
5.277089582366349951e+00
5.281301284188828937e+00
5.168464301869246214e+00
5.212261719038735031e+00
5.212191190352328363e+00
5.212191190352328363e+00
5.299428771567157526e+00
5.300443443790233466e+00
5.259901721822581422e+00
5.233698961749865042e+00
5.216043363398330968e+00
5.201428214963044638e+00
5.241577563333340350e+00
5.276050004302821783e+00
5.205379489808829696e+00
5.309875898496571267e+00
5.309875898496571267e+00
5.217764365370524793e+00
5.216977669288364261e+00
5.266446718851349296e+00
5.183722697417277203e+00
5.216851046097757738e+00
5.347888154427745455e+00
5.320685890357912839e+00
5.211140372399974297e+00
5.254360357246556035e+00
5.249315847704683513e+00
5.264953845726683568e+00
5.264953845726683568e+00
5.158668155314105164e+00
5.199534074775363557e+00
5.236124029663150381e+00
5.236124029663150381e+00
5.241519891511464913e+00
5.248234935228076381e+00
5.256841746768411205e+00
5.241287591164116577e+00
5.215046552569060800e+00
5.219406137708888060e+00
5.225416106376617797e+00
5.213080492170305114e+00
5.213080492170305114e+00
5.214296523976557296e+00
5.260812359926905657e+00
5.253103977222893128e+00
5.192214166456655455e+00
5.230464635873024015e+00
5.227281651384298122e+00
5.247237277555205637e+00
5.196966359745441189e+00
5.215902192396990600e+00
5.360434838483363329e+00
5.337949622175740316e+00
5.197089803273597930e+00
5.222560373881280249e+00
5.186670789938874648e+00
5.142795313710622374e+00
5.272345709195919383e+00
5.302499488142112583e+00
5.329388199126938730e+00
5.210665775874789851e+00
5.148522749095299389e+00
5.116665402215018865e+00
5.180581283716576557e+00
5.159781633017661129e+00
5.215980365545143549e+00
5.257375669941409591e+00
5.166889740359650318e+00
5.293900265083288481e+00
5.265383030542486686e+00
5.278645507264967840e+00
5.207036427570544745e+00
5.240438566287527244e+00
5.293129984393535103e+00
5.248550387185676236e+00
5.290905660191389970e+00
5.265901416617390751e+00
5.258962289083617847e+00
5.263259218686725305e+00
5.304446084771734959e+00
5.304446084771734959e+00
5.245794350572721143e+00
5.219589622626695125e+00
5.219443544673080027e+00
5.219443544673080027e+00
5.219443544673080027e+00
5.252720401679922269e+00
5.258295433434410526e+00
5.258543464002252144e+00
5.282933571339376577e+00
5.294576471827370234e+00
5.294576471827370234e+00
5.243464938678790155e+00
5.367062724936598528e+00
5.235181935171731915e+00
5.224805583012344101e+00
5.215971536340275883e+00
5.225303855644654938e+00
5.235792739156366338e+00
5.311197961129084710e+00
5.231834675370575560e+00
5.216822949091396211e+00
5.224759058924551169e+00
5.263121030855574034e+00
5.273788844456133162e+00
5.347999988265932814e+00
5.306001091023213156e+00
5.228970222996365713e+00
5.228970222996365713e+00
5.317724005581632163e+00
5.299101344042593809e+00
5.165608096114588932e+00
5.303325540405648297e+00
5.271427123929470326e+00
5.282146554281736073e+00
5.309963948090998365e+00
5.337857048236891444e+00
5.301513987617880730e+00
5.284151795222440384e+00
5.247261165856544451e+00
5.225488109449525354e+00
5.184842862684727827e+00
5.339772521786454007e+00
5.315768200483510064e+00
5.237006177430852283e+00
5.312930292677140010e+00
5.270805866565808628e+00
5.266044001365232319e+00
5.214269893270294887e+00
5.214269893270294887e+00
5.309901177239872538e+00
5.334720856217683327e+00
5.302494689276999296e+00
5.323015769305518674e+00
5.379079526080404072e+00
5.159971781564586912e+00
5.208971114019720794e+00
5.208971114019720794e+00
5.233455961443035598e+00
5.233455961443035598e+00
5.287448093682753480e+00
5.163441058081544632e+00
5.198127412374726752e+00
5.208575911321789320e+00
5.313753910357468691e+00
5.274974245366832903e+00
5.304628856514015389e+00
5.209386188987898514e+00
5.214725939671591703e+00
5.310611229497427033e+00
5.272184093147961548e+00
5.315377612419871944e+00
5.304628118436336415e+00
5.245422552795579563e+00
5.294885722365443748e+00
5.270911025171373332e+00
5.257100104776158744e+00
5.257100104776158744e+00
5.258484125598247516e+00
5.273686122897458972e+00
5.296061358459813739e+00
5.300321509977884205e+00
5.236729673478376590e+00
5.197874122910107531e+00
5.267815847401608131e+00
5.216489153089339581e+00
5.269279963604221351e+00
5.231741782807969976e+00
5.131666861025928839e+00
5.210573616406659170e+00
5.282189753519785036e+00
5.192381774579101439e+00
5.188502403181190381e+00
5.271931609367607408e+00
5.264701825258253365e+00
5.264701825258253365e+00
5.214303367609980810e+00
5.303498523589117220e+00
5.260162095022042905e+00
5.235324502353156717e+00
5.310754449865672910e+00
5.255791328217908287e+00
5.268770417937742145e+00
5.256609243896589234e+00
5.272008546191557343e+00
5.242087140842126125e+00
5.258161380571747756e+00
5.253222188461642794e+00
5.227075716858557541e+00
5.226579163033347797e+00
5.214197765617941904e+00
5.152868483395819155e+00
5.136558292719613839e+00
5.266816441721614339e+00
5.195767903861870707e+00
5.198820336408608078e+00
5.217076127766041793e+00
5.209287638094853179e+00
5.268040063512000160e+00
5.211291858251493991e+00
5.271506850744430928e+00
5.282931348927041526e+00
5.183389636241501286e+00
5.137908486160631227e+00
5.116335784238640549e+00
5.070133085261438133e+00
5.199260921791222678e+00
5.260469723665510244e+00
5.244249484924962346e+00
5.259130560497414564e+00
5.228439048790739285e+00
5.235935570241081471e+00
5.231209808966148955e+00
5.188398680729804369e+00
5.201252831340167582e+00
5.238081561785435269e+00
5.209573697232339207e+00
5.278360649852458231e+00
5.294851944435253976e+00
5.239462666621315989e+00
5.187915927477396494e+00
5.298874718776089843e+00
5.163683011202640394e+00
5.149416696505159763e+00
5.174658566179124897e+00
5.270359976548071756e+00
5.198478435392642538e+00
5.206382653653606418e+00
5.187010611280705064e+00
5.202598293167945087e+00
5.182079435694903147e+00
5.192212409536320017e+00
5.203458562400507859e+00
5.253714600319286276e+00
5.253260764284997997e+00
5.263312332421950401e+00
5.230272796415937009e+00
5.290266974028658531e+00
5.308258961523837804e+00
5.263289979612792990e+00
5.301652206357834629e+00
5.315224070197072770e+00
5.315224070197072770e+00
5.315224070197072770e+00
5.297965459873820393e+00
5.257410003294437750e+00
5.227644194878467765e+00
5.224970487222958759e+00
5.221234036704059278e+00
5.275862481745599020e+00
5.217659713958485490e+00
