4.960062097020370153e+00
5.012184079483276378e+00
4.990465002944119988e+00
5.021730234790587666e+00
5.064927324242695761e+00
5.016091875424632640e+00
4.998659564627128127e+00
5.057819109815278047e+00
5.048748338760203680e+00
5.038149629460614953e+00
5.089346909192312474e+00
5.128007888710596873e+00
5.100935608172957991e+00
4.932436889343159159e+00
4.958435996666381129e+00
4.959497713067080760e+00
4.948963931945514538e+00
5.073443050041087865e+00
5.093723729046973681e+00
4.981830182546469921e+00
5.034248357590009881e+00
4.980601295305505438e+00
4.988712789092160982e+00
4.980956811558526987e+00
4.978287703329836944e+00
5.015905060334024057e+00
5.016050629890830947e+00
5.050990225487640650e+00
5.023277205275611834e+00
5.006654419875149031e+00
5.019420967593886118e+00
4.991803598023095034e+00
4.994388392562538748e+00
5.016807892314320227e+00
5.019049503005444279e+00
5.011881877242000627e+00
5.087090186504948264e+00
5.062731805588700063e+00
5.070192029675716583e+00
5.000474798487410055e+00
4.988644824343514195e+00
5.052354432229792636e+00
4.994660565129437124e+00
5.038233114685013447e+00
4.993502154773080903e+00
5.033386187488723351e+00
4.979644946205386447e+00
4.969355367037072035e+00
5.047152750482745809e+00
5.037737910696845844e+00
5.016604441063110542e+00
4.966062265280346111e+00
4.975281377562508212e+00
4.976274471939731825e+00
5.025759216975226984e+00
4.978893366508906126e+00
4.986071859474336065e+00
5.039624002528324098e+00
4.960193286795910872e+00
5.043079809052185780e+00
5.051852324194598509e+00
4.968079546718056072e+00
5.005078789061006006e+00
5.039669405551645553e+00
4.980082218968781227e+00
5.046873220783252734e+00
5.059408419667393630e+00
5.137945577368604688e+00
5.016051619996043875e+00
5.017788777474480710e+00
5.014442969151274632e+00
5.012812948416826231e+00
5.008686539296816065e+00
5.053821017551928030e+00
5.053821017551928030e+00
4.967545381185948905e+00
5.033243844616958285e+00
4.968986495585053120e+00
5.001525250588201743e+00
5.050688683330211148e+00
5.026144688285207884e+00
4.995342837567223526e+00
5.009131659509886703e+00
5.117309299228192998e+00
5.122445062295965634e+00
5.186511652462350241e+00
5.053560283484491933e+00
5.053560283484491933e+00
4.997981785224117068e+00
4.999857032532769807e+00
5.029333433225591676e+00
4.986205279265953472e+00
5.059682373391244603e+00
5.079428877831090539e+00
5.092422546105221492e+00
5.038847034367188726e+00
5.031114943764914749e+00
4.991530964772052492e+00
4.981224342967155216e+00
5.040599026467867283e+00
5.059480015418177601e+00
5.050201733633785217e+00
5.027513773497610750e+00
4.982699109709197494e+00
5.027920247163921275e+00
5.055879232182035388e+00
4.991175293070869934e+00
4.974689446557746031e+00
5.028730262089808001e+00
4.931530322591576976e+00
5.042991789585100193e+00
4.928353853265559081e+00
4.964979398413362333e+00
5.042912482637587956e+00
5.052026048153821947e+00
5.025641729250270195e+00
5.038264113169517167e+00
4.927130816287409232e+00
5.031618242884679404e+00
4.978795601616060829e+00
5.104136748048786920e+00
5.033727267348210965e+00
5.028561285513302614e+00
5.017618364167327982e+00
4.990508816207865017e+00
5.024721996205560259e+00
5.033791292427277853e+00
5.047628709918341450e+00
4.992683924343578994e+00
4.992683924343578994e+00
4.932171415018320459e+00
4.961827968962469804e+00
4.987357624973838277e+00
5.065856702090275832e+00
5.046093599151532771e+00
4.997959993834999892e+00
5.041536220218743480e+00
5.067722540581439894e+00
5.043447302505134289e+00
5.068750911451834540e+00
5.099435617939320764e+00
5.096625667845589902e+00
5.097281712833336975e+00
5.081962666276829133e+00
5.005750014558088878e+00
4.983749088709159558e+00
5.071154201779701332e+00
5.079749563501838594e+00
5.060707693476937052e+00
4.999150444035953100e+00
4.997706886685916672e+00
4.955295197084848446e+00
4.934739652229349183e+00
5.021803392440203240e+00
5.007097473073150340e+00
4.984032157533688334e+00
5.011911591447651304e+00
5.005173718424805074e+00
5.016366213282533515e+00
5.011733181364935064e+00
5.148879132208307396e+00
5.112565922102880300e+00
5.080578608673636865e+00
5.080578608673636865e+00
5.043961067009357535e+00
4.892740050502637494e+00
4.925126975780899308e+00
4.956909451047072146e+00
5.037420164557963709e+00
5.082699474551752417e+00
5.079692364654130543e+00
5.006186983393726031e+00
5.031605237106053785e+00
4.974279208031065380e+00
4.944729245419514641e+00
5.053415389743904917e+00
5.028566160637621074e+00
5.036064181307408738e+00
5.006477411790676513e+00
5.013981043829818240e+00
5.000157861017957117e+00
4.993275529271871349e+00
5.018941109497082387e+00
5.036748258134653433e+00
5.002697941777742408e+00
5.032707408916858860e+00
5.044771099105358481e+00
5.053105665808272029e+00
5.103601629938083306e+00
4.972441822288977242e+00
4.953393546975554784e+00
4.988777199819788954e+00
5.012593212016924760e+00
4.947765392326076928e+00
4.935724934533434194e+00
4.970381053873953014e+00
5.009712496939861204e+00
4.987456009034577420e+00
4.990480528050750486e+00
4.934520379251135402e+00
4.984379747031829844e+00
4.998598183784825011e+00
4.998598183784825011e+00
4.938449383310941521e+00
4.972072549377624995e+00
5.026650652453520607e+00
4.946448684275228658e+00
4.966731300686558548e+00
4.970759306381759224e+00
4.968224241794304774e+00
4.948601839332123831e+00
4.998849587552453677e+00
4.997531368511694438e+00
5.036734026117628105e+00
5.036734026117628105e+00
5.018190042300791909e+00
5.014605223514052135e+00
5.125839384137492516e+00
5.110168308982331986e+00
5.110168308982331986e+00
5.006220712011748120e+00
4.936085479863353775e+00
5.048846680472903969e+00
4.987953760557847893e+00
5.055043423706105266e+00
5.038848352759123905e+00
5.038848352759123905e+00
5.064990791393988445e+00
5.053453479900884560e+00
5.086658616852159476e+00
5.050494997451156820e+00
5.037032118169365802e+00
5.002274304461646004e+00
5.070482612257259269e+00
4.917696362039184699e+00
4.965085820134854444e+00
5.051987791228712332e+00
5.072965544911173019e+00
5.072965544911173019e+00
5.040444318940926038e+00
5.002563977813216489e+00
5.017798279473809409e+00
4.995212372329772776e+00
5.013710113808123481e+00
5.064156027275672045e+00
5.052326336041416788e+00
5.020808071367910408e+00
4.987839626032364748e+00
4.932313231473775872e+00
4.925300867200840038e+00
4.918021403309469797e+00
4.886219682970217804e+00
4.954976542155008268e+00
5.007625443060851111e+00
5.007625443060851111e+00
5.007316997831567029e+00
5.014157588175957692e+00
4.931656036982911218e+00
4.979264762127696642e+00
5.014985820927772231e+00
5.014985820927772231e+00
5.092524613648498288e+00
5.092524613648498288e+00
5.065811497830393861e+00
5.012205751527584852e+00
5.001466849533000136e+00
4.995416434961192031e+00
5.010018954217135168e+00
4.991565111660086096e+00
4.999403328792417334e+00
5.022593859656043769e+00
5.018800385831868383e+00
5.018800385831868383e+00
5.032684702535322074e+00
4.955496592602631978e+00
4.977573215428549247e+00
4.986127543257288686e+00
5.025072879978668361e+00
4.993332373693345261e+00
4.994226918327997033e+00
5.015878876234914685e+00
5.015878876234914685e+00
4.991560339118525036e+00
4.991560339118525036e+00
4.961405050585925736e+00
4.996741835400881016e+00
5.004045663433400293e+00
5.041137435061427752e+00
5.005704409041304537e+00
5.007685677157766690e+00
5.069074156293289057e+00
5.060126664018204323e+00
5.132492915499699215e+00
4.988432611669859185e+00
4.949466481431425535e+00
4.952370285092097646e+00
4.981155169487623269e+00
4.982134214841654085e+00
4.982134214841654085e+00
4.975075104368231749e+00
4.997752097327183840e+00
5.023131413607150542e+00
5.051161236761777751e+00
5.004807174461817887e+00
5.004530069361458722e+00
4.959540744603107676e+00
5.016900930201257935e+00
4.987341252363934885e+00
4.978902099387283897e+00
5.019792252559405199e+00
5.019792252559405199e+00
5.019313889869406964e+00
5.092754857298642968e+00
5.085375414473832123e+00
5.093558321255209798e+00
4.988162858049332904e+00
4.961174987472437792e+00
5.018678335465305729e+00
5.077733706592837848e+00
5.103733276593177770e+00
5.069424276556770970e+00
4.995420413344632493e+00
5.054116090644764192e+00
5.060240055157497530e+00
4.973267514903227493e+00
5.046766686312004424e+00
5.013719850125221811e+00
4.962772064624632051e+00
5.035724244098985558e+00
5.003527919103353483e+00
4.960042334178497825e+00
4.967780278792393034e+00
5.054055859617224478e+00
4.983191829630197134e+00
5.026171144944056479e+00
4.976432442490136943e+00
5.028806090853699118e+00
4.963766740820577006e+00
4.981254672363020219e+00
4.965911938782655355e+00
5.073384148261397719e+00
4.964344610746691977e+00
4.971628556123769194e+00
4.936820134292754680e+00
4.984236534607285662e+00
4.980859079296883429e+00
5.001404647431773043e+00
5.021578426220952629e+00
5.008500515330594816e+00
5.024326785565431663e+00
4.975791284346849253e+00
4.973067968222111723e+00
4.973067968222111723e+00
4.901891076703765115e+00
4.891543811217644588e+00
5.020233022698072922e+00
5.020233022698072922e+00
5.097815522707803915e+00
5.104126804938299955e+00
5.097606283858675980e+00
5.024388492476036916e+00
5.066060073589559565e+00
5.077130417353022729e+00
5.022461622061961783e+00
5.007766303100340544e+00
5.016798542837958230e+00
4.955747562786807947e+00
5.016466493565263640e+00
4.996998617491014372e+00
4.974322836938311454e+00
4.977446521667400425e+00
5.030201013212178829e+00
4.989743797313461293e+00
5.019418259069024835e+00
5.005726366606389810e+00
5.006103835751477327e+00
4.937403767380994069e+00
4.949604364669017542e+00
5.007578022274364216e+00
4.988302011778113609e+00
4.974468039342399450e+00
5.059793618762746803e+00
5.052811126600238012e+00
5.052811126600238012e+00
4.957526008969058040e+00
4.950443719964185973e+00
4.962629347791473577e+00
4.976559517343017269e+00
4.954310279245462745e+00
4.997337466269228479e+00
4.897430025788345631e+00
4.929039105190780923e+00
4.937987995995207768e+00
4.949900583270840038e+00
4.946051280426977392e+00
5.015557721090187826e+00
4.976805221856284156e+00
4.968449419676969292e+00
4.895666712972378321e+00
5.018890126209691438e+00
